0,32.53,32.53,70,0,0,0,1,1494,2,1,80, 3

0,32.53,32.53,70,0,0,0,1,1497,2,0,80, 0

0,32.53,32.53,70,0,0,0,1,1500,2,0,80, 0

0,32.53,32.53,70,0,0,0,1,1502,2,0,80, 0

0,30.34,34.58,70.62,0,0,0,1,1504,2,0,80, 0

0,28.02,36.48,71.25,0,0,0,1,1506,2,0,80, 0

0,25.58,38.23,71.87,0,0,0,1,1508,2,0,80, 0

0,23.04,39.82,72.5,0,0,0,1,1510,2,0,80, 0

0,20.39,41.23,73.12,0,0,0,1,1512,2,0,80, 0

0,17.66,42.47,73.75,0,0,0,1,1514,2,0,80, 0

0,14.86,43.53,74.37,0,0,0,1,1516,2,0,80, 0

0,11.99,44.41,75,0,0,0,1,1518,2,0,80, 0

0,11.91,44.43,70,0,0,0,1,1520,2,1,20, 4

END Horizontal Line

17

0,38.55,-39.55,150,0.6818,-0.0358,0.7297,0.0383,1520,0,0, 80, 9

0,107.67,-49.72,38.39,0.6818,-0.0358,0.7297,0.0383,1520,0,0, 80, 9

0,38.06,-44.5,35,0.6818,-0.0358,0.7297,0.0383,1525,0,0, 80, 9

0,38.55,-39.55,35.48,0.6818,-0.0358,0.7297,0.0383,1530,0,0, 80, 9

0,38.55,-39.55,35.48,0.6818,-0.0358,0.7297,0.0383,1535,0,0, 80, 9

0,38.55,-39.55,35.48,0.6818,-0.0358,0.7297,0.0383,1540,0,0,80, 8

0,38.55,-39.55,35.48,0.6818,-0.0358,0.7297,0.0383,1542,0,0,80, 8

0,38.55,-39.55,35.48,0.6818,-0.0358,0.7297,0.0383,1544,0,0,80, 8

0,38.55,-39.55,35.48,0.6818,-0.0358,0.7297,0.0383,1546,0,0,80, 8

0,40.61,-37.37,35.48,0.6818,-0.0358,0.7297,0.0383,1548,0,0,80, 8

0,42.56,-35.09,35.48,0.6818,-0.0358,0.7297,0.0383,1550,0,0,80, 8

0,44.37,-32.7,35.48,0.6818,-0.0358,0.7297,0.0383,1552,0,0,80, 8

0,46.06,-30.22,35.48,0.6818,-0.0358,0.7297,0.0383,1554,0,0,80, 8

0,47.61,-27.65,35.48,0.6818,-0.0358,0.7297,0.0383,1556,0,0,80, 8

0,49.03,-25.01,35.48,0.6818,-0.0358,0.7297,0.0383,1558,0,0,80, 8

0,50.3,-22.29,35.48,0.6818,-0.0358,0.7297,0.0383,1560,0,0,80, 8

0,51.42,-19.51,35.48,0.6818,-0.0358,0.7297,0.0383,1562,0,0,80, 8

0,52.39,-16.67,35.48,0.6818,-0.0358,0.7297,0.0383,1564,0,0,80, 8

0,53.02,-14.48,35.48,0.6818,-0.0358,0.7297,0.0383,1566,0,0,80, 8

0,53.02,-14.48,35.48,0.6818,-0.0358,0.7297,0.0383,1566,0,0,200, 2

0,108.91,-20.36,39.29,0.6818,-0.0358,0.7297,0.0383,1566,0,0,200, 2

0,114.74,-19.24,27.81,0.6818,-0.0358,0.7297,0.0383,1566,0,0,200, 2

0,48.86,-13.36,23.99,0.6818,-0.0358,0.7297,0.0383,1568,0,0,200, 2

0,48.86,-13.36,23.99,0.6818,-0.0358,0.7297,0.0383,1573,0,0,80, 8

0,48.86,-13.36,23.99,0.6818,-0.0358,0.7297,0.0383,1575,0,0,80, 8

0,48.86,-13.36,23.99,0.6818,-0.0358,0.7297,0.0383,1577,0,0,80, 8

0,48.86,-13.36,23.99,0.6818,-0.0358,0.7297,0.0383,1579,0,0,80, 8

0,49.55,-10.44,23.99,0.6818,-0.0358,0.7297,0.0383,1581,0,0,80, 8

0,50.07,-7.49,23.99,0.6818,-0.0358,0.7297,0.0383,1583,0,0,80, 8

0,50.42,-4.51,23.99,0.6818,-0.0358,0.7297,0.0383,1585,0,0,80, 8

0,50.6,-1.51,23.99,0.6818,-0.0358,0.7297,0.0383,1587,0,0,80, 8

0,50.6,1.49,23.99,0.6818,-0.0358,0.7297,0.0383,1589,0,0,80, 8

0,50.42,4.48,23.99,0.6818,-0.0358,0.7297,0.0383,1591,0,0,80, 8

0,50.08,7.46,23.99,0.6818,-0.0358,0.7297,0.0383,1593,0,0,80, 8

0,49.56,10.41,23.99,0.6818,-0.0358,0.7297,0.0383,1595,0,0,80, 8

0,48.87,13.33,23.99,0.6818,-0.0358,0.7297,0.0383,1597,0,0,80, 8

0,48.86,13.36,23.99,0.6818,-0.0358,0.7297,0.0383,1599,0,0,80, 8

0,48.86,13.36,23.99,0.6818,-0.0358,0.7297,0.0383,1599,0,0,200, 2

0,112.5,6.66,28.34,0.6818,-0.0358,0.7297,0.0383,1599,0,0,200, 2

0,127.28,7.94,46.08,0.6818,-0.0358,0.7297,0.0383,1599,0,0,200, 2

0,53.64,14.64,41.73,0.6818,-0.0358,0.7297,0.0383,1601,0,0,200, 2

0,53.64,14.64,41.73,0.6818,-0.0358,0.7297,0.0383,1606,0,0,80, 8

0,53.64,14.64,41.73,0.6818,-0.0358,0.7297,0.0383,1608,0,0,80, 8

0,53.64,14.64,41.73,0.6818,-0.0358,0.7297,0.0383,1610,0,0,80, 8

0,53.64,14.64,41.73,0.6818,-0.0358,0.7297,0.0383,1612,0,0,80, 8

0,52.78,17.52,41.73,0.6818,-0.0358,0.7297,0.0383,1614,0,0,80, 8

0,51.78,20.34,41.73,0.6818,-0.0358,0.7297,0.0383,1616,0,0,80, 8

0,50.63,23.11,41.73,0.6818,-0.0358,0.7297,0.0383,1618,0,0,80, 8

0,49.33,25.82,41.73,0.6818,-0.0358,0.7297,0.0383,1620,0,0,80, 8
