begin
begin
0,8.02,-29.94,150,0,0,0,1,1,0,0, 80, 9

0,29.32,-34.77,50,0,0,0,1,1,0,0, 80, 9

0,9.32,-34.77,0,0,0,0,1,6,0,0, 80, 9

0,8.02,-29.94,0,0,0,0,1,11,0,0, 80, 9

0,8.02,-29.94,0,0,0,0,1,16,0,0, 80, 9

START Horizontal Line

0,8.02,-29.94,0,0,0,0,1,18,2,1,80, 3


0,21.92,-21.92,0,0,0,0,1,38,0,1,20, 4

END Horizontal Line

START Horizontal Line

0,21.92,-21.92,0,0,0,0,1,41,2,1,80, 3


0,29.94,-8.02,0,0,0,0,1,61,0,1,20, 4

END Horizontal Line

START Horizontal Line

0,29.94,-8.02,0,0,0,0,1,64,2,1,80, 3

0,29.94,8.02,0,0,0,0,1,84,0,1,20, 4

END Horizontal Line

START Horizontal Line

0,29.94,8.02,0,0,0,0,1,87,2,1,80, 3

0,21.92,21.92,0,0,0,0,1,107,0,1,20, 4

END Horizontal Line

START Horizontal Line

0,21.92,21.92,0,0,0,0,1,110,2,1,80, 3

0,8.02,29.94,0,0,0,0,1,130,0,1,20, 4

END Horizontal Line

START Vertical Line

0,8.02,29.94,0,0,0,0,1,135,0,1, 20, 5


0,12.72,47.47,19.92,0,0,0,1,181,1,2, 20, 6

END Vertical Line

0,12.72,47.47,19.92,0,0,0,1,181,0,0,200, 2

0,12.72,47.47,76,0,0,0,1,181,0,0,200, 2

0,44.75,34.75,76,0,0,0,1,181,0,0,200, 2

0,21.92,21.92,0,0,0,0,1,183,0,0,200, 2

START Vertical Line

0,21.92,21.92,0,0,0,0,1,188,0,1, 20, 5


0,34.75,34.75,19.92,0,0,0,1,234,1,2, 20, 6

END Vertical Line

0,34.75,34.75,19.92,0,0,0,1,234,0,0,200, 2

0,34.75,34.75,76,0,0,0,1,234,0,0,200, 2

0,57.47,12.72,76,0,0,0,1,234,0,0,200, 2

0,29.94,8.02,0,0,0,0,1,236,0,0,200, 2

START Vertical Line

0,29.94,8.02,0,0,0,0,1,241,0,1, 20, 5


0,47.47,12.72,19.92,0,0,0,1,287,1,2, 20, 6

END Vertical Line

0,47.47,12.72,19.92,0,0,0,1,287,0,0,200, 2

0,47.47,12.72,76,0,0,0,1,287,0,0,200, 2

0,57.47,-12.72,76,0,0,0,1,287,0,0,200, 2

0,29.94,-8.02,0,0,0,0,1,289,0,0,200, 2

START Vertical Line

0,29.94,-8.02,0,0,0,0,1,294,0,1, 20, 5



0,47.47,-12.72,19.92,0,0,0,1,340,1,2, 20, 6

END Vertical Line

0,47.47,-12.72,19.92,0,0,0,1,340,0,0,200, 2

0,47.47,-12.72,76,0,0,0,1,340,0,0,200, 2

0,44.75,-34.75,76,0,0,0,1,340,0,0,200, 2

0,21.92,-21.92,0,0,0,0,1,342,0,0,200, 2

START Vertical Line

0,21.92,-21.92,0,0,0,0,1,347,0,1, 20, 5

0,34.75,-34.75,19.92,0,0,0,1,393,1,2, 20, 6

END Vertical Line

0,34.75,-34.75,19.92,0,0,0,1,393,0,0,200, 2

0,34.75,-34.75,76,0,0,0,1,393,0,0,200, 2

0,22.72,-47.47,76,0,0,0,1,393,0,0,200, 2

0,8.02,-29.94,0,0,0,0,1,395,0,0,200, 2

START Vertical Line

0,8.02,-29.94,0,0,0,0,1,400,0,1, 20, 5

0,12.72,-47.47,19.92,0,0,0,1,446,1,2, 20, 6

END Vertical Line

0,12.72,-47.47,22.92,0,0,0,1,451,2,0, 50, 10

0,34.75,-34.75,19.92,0,0,0,1,474,2,0, 50, 10

START Horizontal Line

0,34.75,-34.75,19.92,0,0,0,1,477,2,1,80, 3

0,34.75,-34.75,19.92,0,0,0,1,480,2,0,80, 0

0,34.75,-34.75,19.92,0,0,0,1,483,2,0,80, 0

0,34.75,-34.75,19.92,0,0,0,1,485,2,0,80, 0

0,36.8,-32.56,20.55,0,0,0,1,487,2,0,80, 0

0,38.72,-30.26,21.17,0,0,0,1,489,2,0,80, 0

0,40.5,-27.84,21.8,0,0,0,1,491,2,0,80, 0

0,42.12,-25.32,22.42,0,0,0,1,493,2,0,80, 0

0,43.59,-22.7,23.05,0,0,0,1,495,2,0,80, 0

0,44.89,-20,23.67,0,0,0,1,497,2,0,80, 0

0,46.03,-17.22,24.3,0,0,0,1,499,2,0,80, 0

0,46.99,-14.38,24.92,0,0,0,1,501,2,0,80, 0

0,47.47,-12.72,19.92,0,0,0,1,503,2,1,20, 4

END Horizontal Line

START Horizontal Line

0,47.47,-12.72,19.92,0,0,0,1,506,2,1,80, 3

0,47.47,-12.72,19.92,0,0,0,1,509,2,0,80, 0

0,47.47,-12.72,19.92,0,0,0,1,512,2,0,80, 0

0,47.47,-12.72,19.92,0,0,0,1,514,2,0,80, 0

0,48.16,-9.8,20.55,0,0,0,1,516,2,0,80, 0

0,48.66,-6.84,21.17,0,0,0,1,518,2,0,80, 0

0,48.99,-3.86,21.8,0,0,0,1,520,2,0,80, 0

0,49.14,-0.87,22.42,0,0,0,1,522,2,0,80, 0

0,49.1,2.13,23.05,0,0,0,1,524,2,0,80, 0

0,48.88,5.13,23.67,0,0,0,1,526,2,0,80, 0

0,48.47,8.1,24.3,0,0,0,1,528,2,0,80, 0

0,47.89,11.04,24.92,0,0,0,1,530,2,0,80, 0

0,47.47,12.72,19.92,0,0,0,1,532,2,1,20, 4

END Horizontal Line

START Horizontal Line

0,47.47,12.72,19.92,0,0,0,1,535,2,1,80, 3

0,47.47,12.72,19.92,0,0,0,1,538,2,0,80, 0

0,47.47,12.72,19.92,0,0,0,1,541,2,0,80, 0

0,47.47,12.72,19.92,0,0,0,1,543,2,0,80, 0

0,46.6,15.59,20.55,0,0,0,1,545,2,0,80, 0

0,45.57,18.41,21.17,0,0,0,1,547,2,0,80, 0

0,44.36,21.15,21.8,0,0,0,1,549,2,0,80, 0

0,42.99,23.82,22.42,0,0,0,1,551,2,0,80, 0

0,41.45,26.4,23.05,0,0,0,1,553,2,0,80, 0

0,39.76,28.88,23.67,0,0,0,1,555,2,0,80, 0

0,37.93,31.25,24.3,0,0,0,1,557,2,0,80, 0

0,35.95,33.5,24.92,0,0,0,1,559,2,0,80, 0

0,34.75,34.75,19.92,0,0,0,1,561,2,1,20, 4

END Horizontal Line

START Horizontal Line

0,34.75,34.75,19.92,0,0,0,1,564,2,1,80, 3

0,34.75,34.75,19.92,0,0,0,1,567,2,0,80, 0

0,34.75,34.75,19.92,0,0,0,1,570,2,0,80, 0

0,34.75,34.75,19.92,0,0,0,1,572,2,0,80, 0

0,32.56,36.8,20.55,0,0,0,1,574,2,0,80, 0

0,30.26,38.72,21.17,0,0,0,1,576,2,0,80, 0

0,27.84,40.5,21.8,0,0,0,1,578,2,0,80, 0

0,25.32,42.12,22.42,0,0,0,1,580,2,0,80, 0

0,22.7,43.59,23.05,0,0,0,1,582,2,0,80, 0

0,20,44.89,23.67,0,0,0,1,584,2,0,80, 0

0,17.22,46.03,24.3,0,0,0,1,586,2,0,80, 0

0,14.38,46.99,24.92,0,0,0,1,588,2,0,80, 0

0,12.72,47.47,19.92,0,0,0,1,590,2,1,20, 4

END Horizontal Line

START Vertical Line

0,12.72,47.47,19.92,0,0,0,1,595,0,1, 20, 5

0,12.72,47.47,19.92,0,0,0,1,601,0,0,20, 1

0,12.72,47.47,19.92,0,0,0,1,604,0,0,20, 1

0,12.72,47.47,19.92,0,0,0,1,604,0,0,20, 1

0,13.13,49.01,22.46,0,0,0,1,609,0,0,20, 1

0,13.51,50.42,25.08,0,0,0,1,613,1,0,20, 1

0,13.84,51.67,27.79,0,0,0,1,617,1,0,20, 1

0,14.13,52.73,30.58,0,0,0,1,621,1,0,20, 1

0,14.36,53.57,33.45,0,0,0,1,625,1,0,20, 1

0,14.52,54.19,36.38,0,0,0,1,629,1,0,20, 1

0,14.61,54.54,39.36,0,0,0,1,633,1,0,20, 1

0,14.64,54.63,42.36,0,0,0,1,637,1,0,20, 1

0,14.59,54.47,45.35,0,0,0,1,641,1,0,20, 1

0,14.59,54.47,45.37,0,0,0,1,641,1,2, 20, 6

END Vertical Line

0,14.59,54.47,45.37,0,0,0,1,641,0,0,200, 2

0,14.59,54.47,76,0,0,0,1,641,0,0,200, 2

0,49.87,39.87,76,0,0,0,1,641,0,0,200, 2

0,34.75,34.75,19.92,0,0,0,1,643,0,0,200, 2

START Vertical Line

0,34.75,34.75,19.92,0,0,0,1,648,0,1, 20, 5

0,34.75,34.75,19.92,0,0,0,1,654,0,0,20, 1

0,34.75,34.75,19.92,0,0,0,1,657,0,0,20, 1

0,34.75,34.75,19.92,0,0,0,1,657,0,0,20, 1

0,35.88,35.88,22.46,0,0,0,1,662,0,0,20, 1

0,36.91,36.91,25.08,0,0,0,1,666,1,0,20, 1

0,37.82,37.82,27.79,0,0,0,1,670,1,0,20, 1

0,38.6,38.6,30.58,0,0,0,1,674,1,0,20, 1

0,39.22,39.22,33.45,0,0,0,1,678,1,0,20, 1

0,39.67,39.67,36.38,0,0,0,1,682,1,0,20, 1

0,39.93,39.93,39.36,0,0,0,1,686,1,0,20, 1

0,40,40,42.36,0,0,0,1,690,1,0,20, 1

0,39.87,39.87,45.35,0,0,0,1,694,1,0,20, 1

0,39.87,39.87,45.37,0,0,0,1,694,1,2, 20, 6

END Vertical Line

0,39.87,39.87,45.37,0,0,0,1,694,0,0,200, 2

0,39.87,39.87,76,0,0,0,1,694,0,0,200, 2

0,64.47,14.59,76,0,0,0,1,694,0,0,200, 2

0,47.47,12.72,19.92,0,0,0,1,696,0,0,200, 2

START Vertical Line

0,47.47,12.72,19.92,0,0,0,1,701,0,1, 20, 5

0,47.47,12.72,19.92,0,0,0,1,707,0,0,20, 1

0,47.47,12.72,19.92,0,0,0,1,710,0,0,20, 1

0,47.47,12.72,19.92,0,0,0,1,710,0,0,20, 1

0,49.01,13.13,22.46,0,0,0,1,715,0,0,20, 1

0,50.42,13.51,25.08,0,0,0,1,719,1,0,20, 1

0,51.67,13.84,27.79,0,0,0,1,723,1,0,20, 1

0,52.73,14.13,30.58,0,0,0,1,727,1,0,20, 1

0,53.57,14.36,33.45,0,0,0,1,731,1,0,20, 1

0,54.19,14.52,36.38,0,0,0,1,735,1,0,20, 1

0,54.54,14.61,39.36,0,0,0,1,739,1,0,20, 1

0,54.63,14.64,42.36,0,0,0,1,743,1,0,20, 1

0,54.47,14.59,45.35,0,0,0,1,747,1,0,20, 1

0,54.47,14.59,45.37,0,0,0,1,747,1,2, 20, 6

END Vertical Line

0,54.47,14.59,45.37,0,0,0,1,747,0,0,200, 2

0,54.47,14.59,76,0,0,0,1,747,0,0,200, 2

0,64.47,-14.59,76,0,0,0,1,747,0,0,200, 2

0,47.47,-12.72,19.92,0,0,0,1,749,0,0,200, 2

START Vertical Line

0,47.47,-12.72,19.92,0,0,0,1,754,0,1, 20, 5

0,47.47,-12.72,19.92,0,0,0,1,760,0,0,20, 1

0,47.47,-12.72,19.92,0,0,0,1,763,0,0,20, 1

0,47.47,-12.72,19.92,0,0,0,1,763,0,0,20, 1

0,49.01,-13.13,22.46,0,0,0,1,768,0,0,20, 1

0,50.42,-13.51,25.08,0,0,0,1,772,1,0,20, 1

0,51.67,-13.84,27.79,0,0,0,1,776,1,0,20, 1

0,52.73,-14.13,30.58,0,0,0,1,780,1,0,20, 1

0,53.57,-14.36,33.45,0,0,0,1,784,1,0,20, 1

0,54.19,-14.52,36.38,0,0,0,1,788,1,0,20, 1

0,54.54,-14.61,39.36,0,0,0,1,792,1,0,20, 1

0,54.63,-14.64,42.36,0,0,0,1,796,1,0,20, 1

0,54.47,-14.59,45.35,0,0,0,1,800,1,0,20, 1

0,54.47,-14.59,45.37,0,0,0,1,800,1,2, 20, 6

END Vertical Line

0,54.47,-14.59,45.37,0,0,0,1,800,0,0,200, 2

0,54.47,-14.59,76,0,0,0,1,800,0,0,200, 2

0,49.87,-39.87,76,0,0,0,1,800,0,0,200, 2

0,34.75,-34.75,19.92,0,0,0,1,802,0,0,200, 2

START Vertical Line

0,34.75,-34.75,19.92,0,0,0,1,807,0,1, 20, 5

0,34.75,-34.75,19.92,0,0,0,1,813,0,0,20, 1

0,34.75,-34.75,19.92,0,0,0,1,816,0,0,20, 1

0,34.75,-34.75,19.92,0,0,0,1,816,0,0,20, 1

0,35.88,-35.88,22.46,0,0,0,1,821,0,0,20, 1

0,36.91,-36.91,25.08,0,0,0,1,825,1,0,20, 1

0,37.82,-37.82,27.79,0,0,0,1,829,1,0,20, 1

0,38.6,-38.6,30.58,0,0,0,1,833,1,0,20, 1

0,39.22,-39.22,33.45,0,0,0,1,837,1,0,20, 1

0,39.67,-39.67,36.38,0,0,0,1,841,1,0,20, 1

0,39.93,-39.93,39.36,0,0,0,1,845,1,0,20, 1

0,40,-40,42.36,0,0,0,1,849,1,0,20, 1

0,39.87,-39.87,45.35,0,0,0,1,853,1,0,20, 1

0,39.87,-39.87,45.37,0,0,0,1,853,1,2, 20, 6

END Vertical Line

0,39.87,-39.87,45.37,0,0,0,1,853,0,0,200, 2

0,39.87,-39.87,76,0,0,0,1,853,0,0,200, 2

0,24.59,-54.47,76,0,0,0,1,853,0,0,200, 2

0,12.72,-47.47,19.92,0,0,0,1,855,0,0,200, 2

START Vertical Line

0,12.72,-47.47,19.92,0,0,0,1,860,0,1, 20, 5

0,12.72,-47.47,19.92,0,0,0,1,866,0,0,20, 1

0,12.72,-47.47,19.92,0,0,0,1,869,0,0,20, 1

0,12.72,-47.47,19.92,0,0,0,1,869,0,0,20, 1

0,13.13,-49.01,22.46,0,0,0,1,874,0,0,20, 1

0,13.51,-50.42,25.08,0,0,0,1,878,1,0,20, 1

0,13.84,-51.67,27.79,0,0,0,1,882,1,0,20, 1

0,14.13,-52.73,30.58,0,0,0,1,886,1,0,20, 1

0,14.36,-53.57,33.45,0,0,0,1,890,1,0,20, 1

0,14.52,-54.19,36.38,0,0,0,1,894,1,0,20, 1

0,14.61,-54.54,39.36,0,0,0,1,898,1,0,20, 1

0,14.64,-54.63,42.36,0,0,0,1,902,1,0,20, 1

0,14.59,-54.47,45.35,0,0,0,1,906,1,0,20, 1

0,14.59,-54.47,45.37,0,0,0,1,906,1,2, 20, 6

END Vertical Line

0,14.59,-54.47,48.37,0,0,0,1,911,2,0, 50, 10

0,14.59,-54.47,45.37,0,0,0,1,914,2,0, 50, 10

0,14.59,-54.47,45.37,0,0,0,1,916,2,0,80, 0

0,17.47,-53.61,45.92,0,0,0,1,918,2,0, 50, 10

0,20.3,-52.61,46.48,0,0,0,1,920,2,0, 50, 10

0,23.06,-51.45,47.03,0,0,0,1,922,2,0, 50, 10

0,25.77,-50.15,47.59,0,0,0,1,924,2,0, 50, 10

0,28.4,-48.71,48.14,0,0,0,1,926,2,0, 50, 10

0,30.95,-47.13,48.7,0,0,0,1,928,2,0, 50, 10

0,33.41,-45.42,49.26,0,0,0,1,930,2,0, 50, 10

0,35.78,-43.58,49.81,0,0,0,1,932,2,0, 50, 10

0,38.05,-41.62,50.37,0,0,0,1,934,2,0, 50, 10

0,39.87,-39.87,45.37,0,0,0,1,936,2,0, 50, 10

START Horizontal Line

0,39.87,-39.87,45.37,0,0,0,1,939,2,1,80, 3

0,39.87,-39.87,45.37,0,0,0,1,942,2,0,80, 0

0,39.87,-39.87,45.37,0,0,0,1,945,2,0,80, 0

0,39.87,-39.87,45.37,0,0,0,1,947,2,0,80, 0

0,41.94,-37.69,45.92,0,0,0,1,949,2,0,80, 0

0,43.88,-35.41,46.48,0,0,0,1,951,2,0,80, 0

0,45.7,-33.03,47.03,0,0,0,1,953,2,0,80, 0

0,47.39,-30.55,47.59,0,0,0,1,955,2,0,80, 0

0,48.95,-27.99,48.14,0,0,0,1,957,2,0,80, 0

0,50.37,-25.34,48.7,0,0,0,1,959,2,0,80, 0

0,51.65,-22.63,49.26,0,0,0,1,961,2,0,80, 0

0,52.78,-19.85,49.81,0,0,0,1,963,2,0,80, 0

0,53.76,-17.02,50.37,0,0,0,1,965,2,0,80, 0

0,54.47,-14.59,45.37,0,0,0,1,967,2,1,20, 4

END Horizontal Line

START Horizontal Line

0,54.47,-14.59,45.37,0,0,0,1,970,2,1,80, 3

0,54.47,-14.59,45.37,0,0,0,1,973,2,0,80, 0

0,54.47,-14.59,45.37,0,0,0,1,976,2,0,80, 0

0,54.47,-14.59,45.37,0,0,0,1,978,2,0,80, 0

0,55.16,-11.68,45.92,0,0,0,1,980,2,0,80, 0

0,55.71,-8.73,46.48,0,0,0,1,982,2,0,80, 0

0,56.09,-5.75,47.03,0,0,0,1,984,2,0,80, 0

0,56.32,-2.76,47.59,0,0,0,1,986,2,0,80, 0

0,56.39,0.24,48.14,0,0,0,1,988,2,0,80, 0

0,56.29,3.24,48.7,0,0,0,1,990,2,0,80, 0

0,56.04,6.23,49.26,0,0,0,1,992,2,0,80, 0

0,55.63,9.2,49.81,0,0,0,1,994,2,0,80, 0

0,55.06,12.14,50.37,0,0,0,1,996,2,0,80, 0

0,54.47,14.59,45.37,0,0,0,1,998,2,1,20, 4

END Horizontal Line

START Horizontal Line

0,54.47,14.59,45.37,0,0,0,1,1001,2,1,80, 3

0,54.47,14.59,45.37,0,0,0,1,1004,2,0,80, 0

0,54.47,14.59,45.37,0,0,0,1,1007,2,0,80, 0

0,54.47,14.59,45.37,0,0,0,1,1009,2,0,80, 0

0,53.61,17.47,45.92,0,0,0,1,1011,2,0,80, 0

0,52.61,20.3,46.48,0,0,0,1,1013,2,0,80, 0

0,51.45,23.06,47.03,0,0,0,1,1015,2,0,80, 0

0,50.15,25.77,47.59,0,0,0,1,1017,2,0,80, 0

0,48.71,28.4,48.14,0,0,0,1,1019,2,0,80, 0

0,47.13,30.95,48.7,0,0,0,1,1021,2,0,80, 0

0,45.42,33.41,49.26,0,0,0,1,1023,2,0,80, 0

0,43.58,35.78,49.81,0,0,0,1,1025,2,0,80, 0

0,41.62,38.05,50.37,0,0,0,1,1027,2,0,80, 0

0,39.87,39.87,45.37,0,0,0,1,1029,2,1,20, 4

END Horizontal Line

START Horizontal Line

0,39.87,39.87,45.37,0,0,0,1,1032,2,1,80, 3

0,39.87,39.87,45.37,0,0,0,1,1035,2,0,80, 0

0,39.87,39.87,45.37,0,0,0,1,1038,2,0,80, 0

0,39.87,39.87,45.37,0,0,0,1,1040,2,0,80, 0

0,37.69,41.94,45.92,0,0,0,1,1042,2,0,80, 0

0,35.41,43.88,46.48,0,0,0,1,1044,2,0,80, 0

0,33.03,45.7,47.03,0,0,0,1,1046,2,0,80, 0

0,30.55,47.39,47.59,0,0,0,1,1048,2,0,80, 0

0,27.99,48.95,48.14,0,0,0,1,1050,2,0,80, 0

0,25.34,50.37,48.7,0,0,0,1,1052,2,0,80, 0

0,22.63,51.65,49.26,0,0,0,1,1054,2,0,80, 0

0,19.85,52.78,49.81,0,0,0,1,1056,2,0,80, 0

0,17.02,53.76,50.37,0,0,0,1,1058,2,0,80, 0

0,14.59,54.47,45.37,0,0,0,1,1060,2,1,20, 4

END Horizontal Line

START Vertical Line

0,14.59,54.47,45.37,0,0,0,1,1065,0,1, 20, 5

0,14.59,54.47,45.37,0,0,0,1,1071,0,0,20, 1

0,14.59,54.47,45.37,0,0,0,1,1074,0,0,20, 1

0,14.59,54.47,45.37,0,0,0,1,1074,0,0,20, 1

0,14.48,54.05,48.33,0,0,0,1,1079,0,0,20, 1

0,14.31,53.4,51.26,0,0,0,1,1083,1,0,20, 1

0,14.08,52.55,54.12,0,0,0,1,1087,1,0,20, 1

0,13.8,51.52,56.93,0,0,0,1,1091,1,0,20, 1

0,13.49,50.33,59.66,0,0,0,1,1095,1,0,20, 1

0,13.13,49.01,62.34,0,0,0,1,1099,1,0,20, 1

0,12.75,47.58,64.94,0,0,0,1,1103,1,0,20, 1

0,12.34,46.05,67.49,0,0,0,1,1107,1,0,20, 1

0,11.91,44.44,69.99,0,0,0,1,1111,1,0,20, 1

0,11.91,44.43,70,0,0,0,1,1111,1,2, 20, 6

END Vertical Line

0,11.91,44.43,70,0,0,0,1,1111,0,0,200, 2

0,11.91,44.43,76,0,0,0,1,1111,0,0,200, 2

0,42.53,32.53,76,0,0,0,1,1111,0,0,200, 2

0,39.87,39.87,45.37,0,0,0,1,1113,0,0,200, 2

START Vertical Line

0,39.87,39.87,45.37,0,0,0,1,1118,0,1, 20, 5

0,39.87,39.87,45.37,0,0,0,1,1124,0,0,20, 1

0,39.87,39.87,45.37,0,0,0,1,1127,0,0,20, 1

0,39.87,39.87,45.37,0,0,0,1,1127,0,0,20, 1

0,39.57,39.57,48.33,0,0,0,1,1132,0,0,20, 1

0,39.09,39.09,51.26,0,0,0,1,1136,1,0,20, 1

0,38.47,38.47,54.12,0,0,0,1,1140,1,0,20, 1

0,37.71,37.71,56.93,0,0,0,1,1144,1,0,20, 1

0,36.85,36.85,59.66,0,0,0,1,1148,1,0,20, 1

0,35.88,35.88,62.34,0,0,0,1,1152,1,0,20, 1

0,34.83,34.83,64.94,0,0,0,1,1156,1,0,20, 1

0,33.71,33.71,67.49,0,0,0,1,1160,1,0,20, 1

0,32.53,32.53,69.99,0,0,0,1,1164,1,0,20, 1

0,32.53,32.53,70,0,0,0,1,1164,1,2, 20, 6

END Vertical Line

0,32.53,32.53,70,0,0,0,1,1164,0,0,200, 2

0,32.53,32.53,76,0,0,0,1,1164,0,0,200, 2

0,54.43,11.91,76,0,0,0,1,1164,0,0,200, 2

0,54.47,14.59,45.37,0,0,0,1,1166,0,0,200, 2

START Vertical Line

0,54.47,14.59,45.37,0,0,0,1,1171,0,1, 20, 5

0,54.47,14.59,45.37,0,0,0,1,1177,0,0,20, 1

0,54.47,14.59,45.37,0,0,0,1,1180,0,0,20, 1

0,54.47,14.59,45.37,0,0,0,1,1180,0,0,20, 1

0,54.05,14.48,48.33,0,0,0,1,1185,0,0,20, 1

0,53.4,14.31,51.26,0,0,0,1,1189,1,0,20, 1

0,52.55,14.08,54.12,0,0,0,1,1193,1,0,20, 1

0,51.52,13.8,56.93,0,0,0,1,1197,1,0,20, 1

0,50.33,13.49,59.66,0,0,0,1,1201,1,0,20, 1

0,49.01,13.13,62.34,0,0,0,1,1205,1,0,20, 1

0,47.58,12.75,64.94,0,0,0,1,1209,1,0,20, 1

0,46.05,12.34,67.49,0,0,0,1,1213,1,0,20, 1

0,44.44,11.91,69.99,0,0,0,1,1217,1,0,20, 1

0,44.43,11.91,70,0,0,0,1,1217,1,2, 20, 6

END Vertical Line

0,44.43,11.91,70,0,0,0,1,1217,0,0,200, 2

0,44.43,11.91,76,0,0,0,1,1217,0,0,200, 2

0,54.43,-11.91,76,0,0,0,1,1217,0,0,200, 2

0,54.47,-14.59,45.37,0,0,0,1,1219,0,0,200, 2

START Vertical Line

0,54.47,-14.59,45.37,0,0,0,1,1224,0,1, 20, 5

0,54.47,-14.59,45.37,0,0,0,1,1230,0,0,20, 1

0,54.47,-14.59,45.37,0,0,0,1,1233,0,0,20, 1

0,54.47,-14.59,45.37,0,0,0,1,1233,0,0,20, 1

0,54.05,-14.48,48.33,0,0,0,1,1238,0,0,20, 1

0,53.4,-14.31,51.26,0,0,0,1,1242,1,0,20, 1

0,52.55,-14.08,54.12,0,0,0,1,1246,1,0,20, 1

0,51.52,-13.8,56.93,0,0,0,1,1250,1,0,20, 1

0,50.33,-13.49,59.66,0,0,0,1,1254,1,0,20, 1

0,49.01,-13.13,62.34,0,0,0,1,1258,1,0,20, 1

0,47.58,-12.75,64.94,0,0,0,1,1262,1,0,20, 1

0,46.05,-12.34,67.49,0,0,0,1,1266,1,0,20, 1

0,44.44,-11.91,69.99,0,0,0,1,1270,1,0,20, 1

0,44.43,-11.91,70,0,0,0,1,1270,1,2, 20, 6

END Vertical Line

0,44.43,-11.91,70,0,0,0,1,1270,0,0,200, 2

0,44.43,-11.91,76,0,0,0,1,1270,0,0,200, 2

0,42.53,-32.53,76,0,0,0,1,1270,0,0,200, 2

0,39.87,-39.87,45.37,0,0,0,1,1272,0,0,200, 2

START Vertical Line

0,39.87,-39.87,45.37,0,0,0,1,1277,0,1, 20, 5

0,39.87,-39.87,45.37,0,0,0,1,1283,0,0,20, 1

0,39.87,-39.87,45.37,0,0,0,1,1286,0,0,20, 1

0,39.87,-39.87,45.37,0,0,0,1,1286,0,0,20, 1

0,39.57,-39.57,48.33,0,0,0,1,1291,0,0,20, 1

0,39.09,-39.09,51.26,0,0,0,1,1295,1,0,20, 1

0,38.47,-38.47,54.12,0,0,0,1,1299,1,0,20, 1

0,37.71,-37.71,56.93,0,0,0,1,1303,1,0,20, 1

0,36.85,-36.85,59.66,0,0,0,1,1307,1,0,20, 1

0,35.88,-35.88,62.34,0,0,0,1,1311,1,0,20, 1

0,34.83,-34.83,64.94,0,0,0,1,1315,1,0,20, 1

0,33.71,-33.71,67.49,0,0,0,1,1319,1,0,20, 1

0,32.53,-32.53,69.99,0,0,0,1,1323,1,0,20, 1

0,32.53,-32.53,70,0,0,0,1,1323,1,2, 20, 6

END Vertical Line

0,32.53,-32.53,70,0,0,0,1,1323,0,0,200, 2

0,32.53,-32.53,76,0,0,0,1,1323,0,0,200, 2

0,21.91,-44.43,76,0,0,0,1,1323,0,0,200, 2

0,14.59,-54.47,45.37,0,0,0,1,1325,0,0,200, 2

START Vertical Line

0,14.59,-54.47,45.37,0,0,0,1,1330,0,1, 20, 5

0,14.59,-54.47,45.37,0,0,0,1,1336,0,0,20, 1

0,14.59,-54.47,45.37,0,0,0,1,1339,0,0,20, 1

0,14.59,-54.47,45.37,0,0,0,1,1339,0,0,20, 1

0,14.48,-54.05,48.33,0,0,0,1,1344,0,0,20, 1

0,14.31,-53.4,51.26,0,0,0,1,1348,1,0,20, 1

0,14.08,-52.55,54.12,0,0,0,1,1352,1,0,20, 1

0,13.8,-51.52,56.93,0,0,0,1,1356,1,0,20, 1

0,13.49,-50.33,59.66,0,0,0,1,1360,1,0,20, 1

0,13.13,-49.01,62.34,0,0,0,1,1364,1,0,20, 1

0,12.75,-47.58,64.94,0,0,0,1,1368,1,0,20, 1

0,12.34,-46.05,67.49,0,0,0,1,1372,1,0,20, 1

0,11.91,-44.44,69.99,0,0,0,1,1376,1,0,20, 1

0,11.91,-44.43,70,0,0,0,1,1376,1,2, 20, 6

END Vertical Line

0,11.91,-44.43,73,0,0,0,1,1381,2,0, 50, 10

0,11.91,-44.43,70,0,0,0,1,1384,2,0, 50, 10

0,11.91,-44.43,70,0,0,0,1,1386,2,0,80, 0

0,14.78,-43.56,70.62,0,0,0,1,1388,2,0, 50, 10

0,17.58,-42.51,71.25,0,0,0,1,1390,2,0, 50, 10

0,20.32,-41.27,71.87,0,0,0,1,1392,2,0, 50, 10

0,22.96,-39.86,72.5,0,0,0,1,1394,2,0, 50, 10

0,25.51,-38.28,73.12,0,0,0,1,1396,2,0, 50, 10

0,27.95,-36.53,73.75,0,0,0,1,1398,2,0, 50, 10

0,30.27,-34.63,74.37,0,0,0,1,1400,2,0, 50, 10

0,32.47,-32.59,75,0,0,0,1,1402,2,0, 50, 10

0,32.53,-32.53,70,0,0,0,1,1404,2,0, 50, 10

START Horizontal Line

0,32.53,-32.53,70,0,0,0,1,1407,2,1,80, 3

0,32.53,-32.53,70,0,0,0,1,1410,2,0,80, 0

0,32.53,-32.53,70,0,0,0,1,1413,2,0,80, 0

0,32.53,-32.53,70,0,0,0,1,1415,2,0,80, 0

0,34.58,-30.34,70.62,0,0,0,1,1417,2,0,80, 0

0,36.48,-28.02,71.25,0,0,0,1,1419,2,0,80, 0

0,38.23,-25.58,71.87,0,0,0,1,1421,2,0,80, 0

0,39.82,-23.04,72.5,0,0,0,1,1423,2,0,80, 0

0,41.23,-20.39,73.12,0,0,0,1,1425,2,0,80, 0

0,42.47,-17.66,73.75,0,0,0,1,1427,2,0,80, 0

0,43.53,-14.86,74.37,0,0,0,1,1429,2,0,80, 0

0,44.41,-11.99,75,0,0,0,1,1431,2,0,80, 0

0,44.43,-11.91,70,0,0,0,1,1433,2,1,20, 4

END Horizontal Line

START Horizontal Line

0,44.43,-11.91,70,0,0,0,1,1436,2,1,80, 3

0,44.43,-11.91,70,0,0,0,1,1439,2,0,80, 0

0,44.43,-11.91,70,0,0,0,1,1442,2,0,80, 0

0,44.43,-11.91,70,0,0,0,1,1444,2,0,80, 0

0,45.11,-8.98,70.62,0,0,0,1,1446,2,0,80, 0

0,45.6,-6.03,71.25,0,0,0,1,1448,2,0,80, 0

0,45.9,-3.04,71.87,0,0,0,1,1450,2,0,80, 0

0,46,-0.04,72.5,0,0,0,1,1452,2,0,80, 0

0,45.9,2.96,73.12,0,0,0,1,1454,2,0,80, 0

0,45.61,5.94,73.75,0,0,0,1,1456,2,0,80, 0

0,45.13,8.9,74.37,0,0,0,1,1458,2,0,80, 0

0,44.45,11.82,75,0,0,0,1,1460,2,0,80, 0

0,44.43,11.91,70,0,0,0,1,1462,2,1,20, 4

END Horizontal Line

START Horizontal Line

0,44.43,11.91,70,0,0,0,1,1465,2,1,80, 3

0,44.43,11.91,70,0,0,0,1,1468,2,0,80, 0

0,44.43,11.91,70,0,0,0,1,1471,2,0,80, 0

0,44.43,11.91,70,0,0,0,1,1473,2,0,80, 0

0,43.56,14.78,70.62,0,0,0,1,1475,2,0,80, 0

0,42.51,17.58,71.25,0,0,0,1,1477,2,0,80, 0

0,41.27,20.32,71.87,0,0,0,1,1479,2,0,80, 0

0,39.86,22.96,72.5,0,0,0,1,1481,2,0,80, 0

0,38.28,25.51,73.12,0,0,0,1,1483,2,0,80, 0

0,36.53,27.95,73.75,0,0,0,1,1485,2,0,80, 0

0,34.63,30.27,74.37,0,0,0,1,1487,2,0,80, 0

0,32.59,32.47,75,0,0,0,1,1489,2,0,80, 0

0,32.53,32.53,70,0,0,0,1,1491,2,1,20, 4

END Horizontal Line

START Horizontal Line

0,32.53,32.53,70,0,0,0,1,1494,2,1,80, 3

0,32.53,32.53,70,0,0,0,1,1497,2,0,80, 0

0,32.53,32.53,70,0,0,0,1,1500,2,0,80, 0

0,32.53,32.53,70,0,0,0,1,1502,2,0,80, 0

0,30.34,34.58,70.62,0,0,0,1,1504,2,0,80, 0

0,28.02,36.48,71.25,0,0,0,1,1506,2,0,80, 0

0,25.58,38.23,71.87,0,0,0,1,1508,2,0,80, 0

0,23.04,39.82,72.5,0,0,0,1,1510,2,0,80, 0

0,20.39,41.23,73.12,0,0,0,1,1512,2,0,80, 0

0,17.66,42.47,73.75,0,0,0,1,1514,2,0,80, 0

0,14.86,43.53,74.37,0,0,0,1,1516,2,0,80, 0

0,11.99,44.41,75,0,0,0,1,1518,2,0,80, 0

0,11.91,44.43,70,0,0,0,1,1520,2,1,20, 4

END Horizontal Line

17

0,38.55,-39.55,150,0.6818,-0.0358,0.7297,0.0383,1520,0,0, 80, 9

0,107.67,-49.72,38.39,0.6818,-0.0358,0.7297,0.0383,1520,0,0, 80, 9

0,38.06,-44.5,35,0.6818,-0.0358,0.7297,0.0383,1525,0,0, 80, 9

0,38.55,-39.55,35.48,0.6818,-0.0358,0.7297,0.0383,1530,0,0, 80, 9

0,38.55,-39.55,35.48,0.6818,-0.0358,0.7297,0.0383,1535,0,0, 80, 9

0,38.55,-39.55,35.48,0.6818,-0.0358,0.7297,0.0383,1540,0,0,80, 8

0,38.55,-39.55,35.48,0.6818,-0.0358,0.7297,0.0383,1542,0,0,80, 8

0,38.55,-39.55,35.48,0.6818,-0.0358,0.7297,0.0383,1544,0,0,80, 8

0,38.55,-39.55,35.48,0.6818,-0.0358,0.7297,0.0383,1546,0,0,80, 8

0,40.61,-37.37,35.48,0.6818,-0.0358,0.7297,0.0383,1548,0,0,80, 8

0,42.56,-35.09,35.48,0.6818,-0.0358,0.7297,0.0383,1550,0,0,80, 8

0,44.37,-32.7,35.48,0.6818,-0.0358,0.7297,0.0383,1552,0,0,80, 8

0,46.06,-30.22,35.48,0.6818,-0.0358,0.7297,0.0383,1554,0,0,80, 8

0,47.61,-27.65,35.48,0.6818,-0.0358,0.7297,0.0383,1556,0,0,80, 8

0,49.03,-25.01,35.48,0.6818,-0.0358,0.7297,0.0383,1558,0,0,80, 8

0,50.3,-22.29,35.48,0.6818,-0.0358,0.7297,0.0383,1560,0,0,80, 8

0,51.42,-19.51,35.48,0.6818,-0.0358,0.7297,0.0383,1562,0,0,80, 8

0,52.39,-16.67,35.48,0.6818,-0.0358,0.7297,0.0383,1564,0,0,80, 8

0,53.02,-14.48,35.48,0.6818,-0.0358,0.7297,0.0383,1566,0,0,80, 8

0,53.02,-14.48,35.48,0.6818,-0.0358,0.7297,0.0383,1566,0,0,200, 2

0,108.91,-20.36,39.29,0.6818,-0.0358,0.7297,0.0383,1566,0,0,200, 2

0,114.74,-19.24,27.81,0.6818,-0.0358,0.7297,0.0383,1566,0,0,200, 2

0,48.86,-13.36,23.99,0.6818,-0.0358,0.7297,0.0383,1568,0,0,200, 2

0,48.86,-13.36,23.99,0.6818,-0.0358,0.7297,0.0383,1573,0,0,80, 8

0,48.86,-13.36,23.99,0.6818,-0.0358,0.7297,0.0383,1575,0,0,80, 8

0,48.86,-13.36,23.99,0.6818,-0.0358,0.7297,0.0383,1577,0,0,80, 8

0,48.86,-13.36,23.99,0.6818,-0.0358,0.7297,0.0383,1579,0,0,80, 8

0,49.55,-10.44,23.99,0.6818,-0.0358,0.7297,0.0383,1581,0,0,80, 8

0,50.07,-7.49,23.99,0.6818,-0.0358,0.7297,0.0383,1583,0,0,80, 8

0,50.42,-4.51,23.99,0.6818,-0.0358,0.7297,0.0383,1585,0,0,80, 8

0,50.6,-1.51,23.99,0.6818,-0.0358,0.7297,0.0383,1587,0,0,80, 8

0,50.6,1.49,23.99,0.6818,-0.0358,0.7297,0.0383,1589,0,0,80, 8

0,50.42,4.48,23.99,0.6818,-0.0358,0.7297,0.0383,1591,0,0,80, 8

0,50.08,7.46,23.99,0.6818,-0.0358,0.7297,0.0383,1593,0,0,80, 8

0,49.56,10.41,23.99,0.6818,-0.0358,0.7297,0.0383,1595,0,0,80, 8

0,48.87,13.33,23.99,0.6818,-0.0358,0.7297,0.0383,1597,0,0,80, 8

0,48.86,13.36,23.99,0.6818,-0.0358,0.7297,0.0383,1599,0,0,80, 8

0,48.86,13.36,23.99,0.6818,-0.0358,0.7297,0.0383,1599,0,0,200, 2

0,112.5,6.66,28.34,0.6818,-0.0358,0.7297,0.0383,1599,0,0,200, 2

0,127.28,7.94,46.08,0.6818,-0.0358,0.7297,0.0383,1599,0,0,200, 2

0,53.64,14.64,41.73,0.6818,-0.0358,0.7297,0.0383,1601,0,0,200, 2

0,53.64,14.64,41.73,0.6818,-0.0358,0.7297,0.0383,1606,0,0,80, 8

0,53.64,14.64,41.73,0.6818,-0.0358,0.7297,0.0383,1608,0,0,80, 8

0,53.64,14.64,41.73,0.6818,-0.0358,0.7297,0.0383,1610,0,0,80, 8

0,53.64,14.64,41.73,0.6818,-0.0358,0.7297,0.0383,1612,0,0,80, 8

0,52.78,17.52,41.73,0.6818,-0.0358,0.7297,0.0383,1614,0,0,80, 8

0,51.78,20.34,41.73,0.6818,-0.0358,0.7297,0.0383,1616,0,0,80, 8

0,50.63,23.11,41.73,0.6818,-0.0358,0.7297,0.0383,1618,0,0,80, 8

0,49.33,25.82,41.73,0.6818,-0.0358,0.7297,0.0383,1620,0,0,80, 8

0,47.89,28.45,41.73,0.6818,-0.0358,0.7297,0.0383,1622,0,0,80, 8

0,46.31,31,41.73,0.6818,-0.0358,0.7297,0.0383,1624,0,0,80, 8

0,44.6,33.46,41.73,0.6818,-0.0358,0.7297,0.0383,1626,0,0,80, 8

0,42.77,35.83,41.73,0.6818,-0.0358,0.7297,0.0383,1628,0,0,80, 8

0,40.8,38.1,41.73,0.6818,-0.0358,0.7297,0.0383,1630,0,0,80, 8

0,39,40,41.73,0.6818,-0.0358,0.7297,0.0383,1632,0,0,80, 8

0,39,40,41.73,0.6818,-0.0358,0.7297,0.0383,1632,0,0,200, 2

0,113.92,32.11,46.85,0.6818,-0.0358,0.7297,0.0383,1632,0,0,200, 2

0,120.75,-44.72,64.83,0.6818,-0.0358,0.7297,0.0383,1632,0,0,200, 2

0,35.83,-36.83,59.71,0.6818,-0.0358,0.7297,0.0383,1634,0,0,200, 2

0,35.83,-36.83,59.71,0.6818,-0.0358,0.7297,0.0383,1639,0,0,80, 8

0,35.83,-36.83,59.71,0.6818,-0.0358,0.7297,0.0383,1641,0,0,80, 8

0,35.83,-36.83,59.71,0.6818,-0.0358,0.7297,0.0383,1643,0,0,80, 8

0,35.83,-36.83,59.71,0.6818,-0.0358,0.7297,0.0383,1645,0,0,80, 8

0,37.89,-34.65,59.71,0.6818,-0.0358,0.7297,0.0383,1647,0,0,80, 8

0,39.82,-32.35,59.71,0.6818,-0.0358,0.7297,0.0383,1649,0,0,80, 8

0,41.61,-29.95,59.71,0.6818,-0.0358,0.7297,0.0383,1651,0,0,80, 8

0,43.27,-27.45,59.71,0.6818,-0.0358,0.7297,0.0383,1653,0,0,80, 8

0,44.77,-24.85,59.71,0.6818,-0.0358,0.7297,0.0383,1655,0,0,80, 8

0,46.13,-22.18,59.71,0.6818,-0.0358,0.7297,0.0383,1657,0,0,80, 8

0,47.33,-19.43,59.71,0.6818,-0.0358,0.7297,0.0383,1659,0,0,80, 8

0,48.36,-16.61,59.71,0.6818,-0.0358,0.7297,0.0383,1661,0,0,80, 8

0,49.24,-13.74,59.71,0.6818,-0.0358,0.7297,0.0383,1663,0,0,80, 8

0,49.31,-13.48,59.71,0.6818,-0.0358,0.7297,0.0383,1665,0,0,80, 8

0,49.31,-13.48,59.71,0.6818,-0.0358,0.7297,0.0383,1665,0,0,200, 2

0,107.33,-19.59,63.67,0.6818,-0.0358,0.7297,0.0383,1665,0,0,200, 2

0,115.41,-19.07,67.46,0.6818,-0.0358,0.7297,0.0383,1665,0,0,200, 2

0,47.39,-12.97,63.5,0.6818,-0.0358,0.7297,0.0383,1667,0,0,200, 2

0,47.39,-12.97,63.5,0.6818,-0.0358,0.7297,0.0383,1672,0,0,80, 8

0,47.39,-12.97,63.5,0.6818,-0.0358,0.7297,0.0383,1674,0,0,80, 8

0,47.39,-12.97,63.5,0.6818,-0.0358,0.7297,0.0383,1676,0,0,80, 8

0,47.39,-12.97,63.5,0.6818,-0.0358,0.7297,0.0383,1678,0,0,80, 8

0,48.08,-10.05,63.5,0.6818,-0.0358,0.7297,0.0383,1680,0,0,80, 8

0,48.59,-7.09,63.5,0.6818,-0.0358,0.7297,0.0383,1682,0,0,80, 8

0,48.93,-4.11,63.5,0.6818,-0.0358,0.7297,0.0383,1684,0,0,80, 8

0,49.09,-1.12,63.5,0.6818,-0.0358,0.7297,0.0383,1686,0,0,80, 8

0,49.06,1.88,63.5,0.6818,-0.0358,0.7297,0.0383,1688,0,0,80, 8

0,48.86,4.88,63.5,0.6818,-0.0358,0.7297,0.0383,1690,0,0,80, 8

0,48.48,7.85,63.5,0.6818,-0.0358,0.7297,0.0383,1692,0,0,80, 8

0,47.92,10.8,63.5,0.6818,-0.0358,0.7297,0.0383,1694,0,0,80, 8

0,47.39,12.97,63.5,0.6818,-0.0358,0.7297,0.0383,1696,0,0,80, 8

0,47.39,12.97,63.5,0.6818,-0.0358,0.7297,0.0383,1696,0,0,200, 2

0,109.78,6.4,67.76,0.6818,-0.0358,0.7297,0.0383,1696,0,0,200, 2

0,124.77,12.14,45.99,0.6818,-0.0358,0.7297,0.0383,1696,0,0,200, 2

0,52.38,18.7,41.73,0.6818,-0.0358,0.7297,0.0383,1698,0,0,200, 2

START Horizontal Line

0,52.38,18.7,41.73,0.6818,-0.0358,0.7297,0.0383,1701,2,1,80, 3

0,52.38,18.7,41.73,0.6818,-0.0358,0.7297,0.0383,1704,2,0,80, 0

0,52.38,18.7,41.73,0.6818,-0.0358,0.7297,0.0383,1707,2,0,80, 0

0,52.38,18.7,41.73,0.6818,-0.0358,0.7297,0.0383,1709,2,0,80, 0

0,52.12,19.09,44.69,0.6818,-0.0358,0.7297,0.0383,1711,0,0,80, 0

0,51.73,19.06,47.66,0.6818,-0.0358,0.7297,0.0383,1713,0,0,80, 0

0,51.25,18.57,50.58,0.6818,-0.0358,0.7297,0.0383,1715,0,0,80, 0

0,50.72,17.65,53.38,0.6818,-0.0358,0.7297,0.0383,1717,0,0,80, 0

0,50.17,16.3,56,0.6818,-0.0358,0.7297,0.0383,1719,0,0,80, 0

0,49.65,14.57,58.39,0.6818,-0.0358,0.7297,0.0383,1721,0,0,80, 0

0,49.17,12.49,60.5,0.6818,-0.0358,0.7297,0.0383,1723,0,0,80, 0

0,48.76,10.12,62.28,0.6818,-0.0358,0.7297,0.0383,1725,0,0,80, 0

0,48.47,7.95,63.5,0.6818,-0.0358,0.7297,0.0383,1727,0,1,20, 4

END Horizontal Line

START Horizontal Line

0,48.47,7.95,63.5,0.6818,-0.0358,0.7297,0.0383,1730,2,1,80, 3

0,48.47,7.95,63.5,0.6818,-0.0358,0.7297,0.0383,1733,2,0,80, 0

0,48.47,7.95,63.5,0.6818,-0.0358,0.7297,0.0383,1736,2,0,80, 0

0,48.47,7.95,63.5,0.6818,-0.0358,0.7297,0.0383,1738,2,0,80, 0

0,48.18,5.18,64.62,0.6818,-0.0358,0.7297,0.0383,1740,0,0,80, 0

0,47.97,2.28,65.34,0.6818,-0.0358,0.7297,0.0383,1742,0,0,80, 0

0,47.82,-0.7,65.66,0.6818,-0.0358,0.7297,0.0383,1744,0,0,80, 0

0,47.74,-3.7,65.58,0.6818,-0.0358,0.7297,0.0383,1746,0,0,80, 0

0,47.72,-6.65,65.09,0.6818,-0.0358,0.7297,0.0383,1748,0,0,80, 0

0,47.78,-9.52,64.2,0.6818,-0.0358,0.7297,0.0383,1750,0,0,80, 0

0,47.9,-12.23,62.94,0.6818,-0.0358,0.7297,0.0383,1752,0,0,80, 0

0,48.12,-14.75,61.32,0.6818,-0.0358,0.7297,0.0383,1754,0,0,80, 0

0,48.36,-16.66,59.72,0.6818,-0.0358,0.7297,0.0383,1756,0,1,20, 4

END Horizontal Line

START Horizontal Line

0,48.36,-16.66,59.72,0.6818,-0.0358,0.7297,0.0383,1759,2,1,80, 3

0,48.36,-16.66,59.72,0.6818,-0.0358,0.7297,0.0383,1762,2,0,80, 0

0,48.36,-16.66,59.72,0.6818,-0.0358,0.7297,0.0383,1765,2,0,80, 0

0,48.36,-16.66,59.72,0.6818,-0.0358,0.7297,0.0383,1767,2,0,80, 0

0,48.72,-18.66,57.52,0.6818,-0.0358,0.7297,0.0383,1769,0,0,80, 0

0,49.12,-20.32,55.06,0.6818,-0.0358,0.7297,0.0383,1771,0,0,80, 0

0,49.55,-21.6,52.38,0.6818,-0.0358,0.7297,0.0383,1773,0,0,80, 0

0,49.98,-22.46,49.54,0.6818,-0.0358,0.7297,0.0383,1775,0,0,80, 0

0,50.36,-22.89,46.6,0.6818,-0.0358,0.7297,0.0383,1777,0,0,80, 0

0,50.66,-22.88,43.62,0.6818,-0.0358,0.7297,0.0383,1779,0,0,80, 0

0,50.87,-22.45,40.66,0.6818,-0.0358,0.7297,0.0383,1781,0,0,80, 0

0,50.98,-21.62,37.78,0.6818,-0.0358,0.7297,0.0383,1783,0,0,80, 0

0,50.99,-20.63,35.48,0.6818,-0.0358,0.7297,0.0383,1785,0,1,20, 4

END Horizontal Line

START Horizontal Line

0,50.99,-20.63,35.48,0.6818,-0.0358,0.7297,0.0383,1788,2,1,80, 3

0,50.99,-20.63,35.48,0.6818,-0.0358,0.7297,0.0383,1791,2,0,80, 0

0,50.99,-20.63,35.48,0.6818,-0.0358,0.7297,0.0383,1794,2,0,80, 0

0,50.99,-20.63,35.48,0.6818,-0.0358,0.7297,0.0383,1796,2,0,80, 0

0,50.9,-19.12,32.89,0.6818,-0.0358,0.7297,0.0383,1798,0,0,80, 0

0,50.76,-17.29,30.52,0.6818,-0.0358,0.7297,0.0383,1800,0,0,80, 0

0,50.59,-15.15,28.43,0.6818,-0.0358,0.7297,0.0383,1802,0,0,80, 0

0,50.43,-12.74,26.65,0.6818,-0.0358,0.7297,0.0383,1804,0,0,80, 0

0,50.31,-10.09,25.26,0.6818,-0.0358,0.7297,0.0383,1806,0,0,80, 0

0,50.26,-7.26,24.28,0.6818,-0.0358,0.7297,0.0383,1808,0,0,80, 0

0,50.3,-4.31,23.75,0.6818,-0.0358,0.7297,0.0383,1810,0,0,80, 0

0,50.45,-1.31,23.68,0.6818,-0.0358,0.7297,0.0383,1812,0,0,80, 0

0,50.63,1.17,23.98,0.6818,-0.0358,0.7297,0.0383,1814,0,1,20, 4

END Horizontal Line

START Horizontal Line

0,50.63,1.17,23.98,0.6818,-0.0358,0.7297,0.0383,1817,2,1,80, 3

0,50.63,1.17,23.98,0.6818,-0.0358,0.7297,0.0383,1820,2,0,80, 0

0,50.63,1.17,23.98,0.6818,-0.0358,0.7297,0.0383,1823,2,0,80, 0

0,50.63,1.17,23.98,0.6818,-0.0358,0.7297,0.0383,1825,2,0,80, 0

0,50.91,4.05,24.75,0.6818,-0.0358,0.7297,0.0383,1827,0,0,80, 0

0,51.23,6.79,25.93,0.6818,-0.0358,0.7297,0.0383,1829,0,0,80, 0

0,51.56,9.34,27.47,0.6818,-0.0358,0.7297,0.0383,1831,0,0,80, 0

0,51.87,11.65,29.35,0.6818,-0.0358,0.7297,0.0383,1833,0,0,80, 0

0,52.16,13.71,31.51,0.6818,-0.0358,0.7297,0.0383,1835,0,0,80, 0

0,52.38,15.49,33.91,0.6818,-0.0358,0.7297,0.0383,1837,0,0,80, 0

0,52.5,16.95,36.53,0.6818,-0.0358,0.7297,0.0383,1839,0,0,80, 0

0,52.49,18.06,39.31,0.6818,-0.0358,0.7297,0.0383,1841,0,0,80, 0

0,52.38,18.7,41.73,0.6818,-0.0358,0.7297,0.0383,1843,0,1,20, 4

END Horizontal Line

START Vertical Line

0,52.38,18.7,41.73,0.6818,-0.0358,0.7297,0.0383,1848,0,1, 20, 5

0,52.38,18.7,41.73,0.6818,-0.0358,0.7297,0.0383,1854,0,0,20, 1

0,52.38,18.7,41.73,0.6818,-0.0358,0.7297,0.0383,1857,0,0,20, 1

0,52.38,18.7,41.73,0.6818,-0.0358,0.7297,0.0383,1857,0,0,20, 1

0,55.01,18.44,43.16,0.6818,-0.0358,0.7297,0.0383,1862,0,0,20, 1

0,56.82,18.26,44.14,0.6818,-0.0358,0.7297,0.0383,1862,1,2, 20, 6

END Vertical Line

0,56.82,18.26,44.14,0.6818,-0.0358,0.7297,0.0383,1862,0,0,200, 2

0,111.78,12.48,47.89,0.6818,-0.0358,0.7297,0.0383,1862,0,0,200, 2

0,124.83,-3.3,32.34,0.6818,-0.0358,0.7297,0.0383,1862,0,0,200, 2

0,50.62,1.17,24,0.6818,-0.0358,0.7297,0.0383,1864,0,0,200, 2

START Vertical Line

0,50.62,1.17,24,0.6818,-0.0358,0.7297,0.0383,1869,0,1, 20, 5

0,50.62,1.17,24,0.6818,-0.0358,0.7297,0.0383,1875,0,0,20, 1

0,50.62,1.17,24,0.6818,-0.0358,0.7297,0.0383,1878,0,0,20, 1

0,50.62,1.17,24,0.6818,-0.0358,0.7297,0.0383,1878,0,0,20, 1

0,53.29,1.54,25.32,0.6818,-0.0358,0.7297,0.0383,1883,0,0,20, 1

0,55.95,1.92,26.64,0.6818,-0.0358,0.7297,0.0383,1887,1,0,20, 1

0,58.62,2.3,27.97,0.6818,-0.0358,0.7297,0.0383,1891,1,0,20, 1

0,59.87,2.48,28.59,0.6818,-0.0358,0.7297,0.0383,1891,1,2, 20, 6

END Vertical Line

0,59.87,2.48,28.59,0.6818,-0.0358,0.7297,0.0383,1891,0,0,200, 2

0,111.23,-2.92,32.1,0.6818,-0.0358,0.7297,0.0383,1891,0,0,200, 2

0,121.57,-24.09,41.53,0.6818,-0.0358,0.7297,0.0383,1891,0,0,200, 2

0,50.99,-20.63,35.48,0.6818,-0.0358,0.7297,0.0383,1893,0,0,200, 2

START Vertical Line

0,50.99,-20.63,35.48,0.6818,-0.0358,0.7297,0.0383,1898,0,1, 20, 5

0,50.99,-20.63,35.48,0.6818,-0.0358,0.7297,0.0383,1904,0,0,20, 1

0,50.99,-20.63,35.48,0.6818,-0.0358,0.7297,0.0383,1907,0,0,20, 1

0,50.99,-20.63,35.48,0.6818,-0.0358,0.7297,0.0383,1907,0,0,20, 1

0,53.82,-20.03,36.26,0.6818,-0.0358,0.7297,0.0383,1912,0,0,20, 1

0,56.66,-19.43,37.04,0.6818,-0.0358,0.7297,0.0383,1916,1,0,20, 1

0,59.49,-18.83,37.82,0.6818,-0.0358,0.7297,0.0383,1920,1,0,20, 1

0,60.21,-18.68,38.02,0.6818,-0.0358,0.7297,0.0383,1920,1,2, 20, 6

END Vertical Line

0,60.21,-18.68,38.02,0.6818,-0.0358,0.7297,0.0383,1920,0,0,200, 2

0,108.41,-23.76,41.31,0.6818,-0.0358,0.7297,0.0383,1920,0,0,200, 2

0,115.44,-21.55,64.05,0.6818,-0.0358,0.7297,0.0383,1920,0,0,200, 2

0,48.36,-16.65,59.72,0.6818,-0.0358,0.7297,0.0383,1922,0,0,200, 2

START Vertical Line

0,48.36,-16.65,59.72,0.6818,-0.0358,0.7297,0.0383,1927,0,1, 20, 5

0,48.36,-16.65,59.72,0.6818,-0.0358,0.7297,0.0383,1933,0,0,20, 1

0,48.36,-16.65,59.72,0.6818,-0.0358,0.7297,0.0383,1936,0,0,20, 1

0,48.36,-16.65,59.72,0.6818,-0.0358,0.7297,0.0383,1936,0,0,20, 1

0,51.34,-16.6,60.07,0.6818,-0.0358,0.7297,0.0383,1941,0,0,20, 1

0,54.32,-16.54,60.41,0.6818,-0.0358,0.7297,0.0383,1945,1,0,20, 1

0,57.24,-16.48,60.76,0.6818,-0.0358,0.7297,0.0383,1945,1,2, 20, 6

END Vertical Line

0,57.24,-16.48,60.76,0.6818,-0.0358,0.7297,0.0383,1945,0,0,200, 2

0,107.07,-21.72,64.16,0.6818,-0.0358,0.7297,0.0383,1945,0,0,200, 2

0,114.87,1.24,68.73,0.6818,-0.0358,0.7297,0.0383,1945,0,0,200, 2

0,48.47,7.95,63.5,0.6818,-0.0358,0.7297,0.0383,1947,0,0,200, 2

START Vertical Line

0,48.47,7.95,63.5,0.6818,-0.0358,0.7297,0.0383,1952,0,1, 20, 5

0,48.47,7.95,63.5,0.6818,-0.0358,0.7297,0.0383,1958,0,0,20, 1

0,48.47,7.95,63.5,0.6818,-0.0358,0.7297,0.0383,1961,0,0,20, 1

0,48.47,7.95,63.5,0.6818,-0.0358,0.7297,0.0383,1961,0,0,20, 1

0,51.29,7.32,64.29,0.6818,-0.0358,0.7297,0.0383,1966,0,0,20, 1

0,54.12,6.69,65.08,0.6818,-0.0358,0.7297,0.0383,1970,1,0,20, 1

0,55.04,6.49,65.33,0.6818,-0.0358,0.7297,0.0383,1970,1,2, 20, 6

END Vertical Line

0,55.04,6.49,65.33,0.6818,-0.0358,0.7297,0.0383,1970,0,0,200, 2

0,109.11,0.8,69.02,0.6818,-0.0358,0.7297,0.0383,1970,0,0,200, 2

0,120.89,12.57,47.83,0.6818,-0.0358,0.7297,0.0383,1970,0,0,200, 2

0,56.82,18.26,44.14,0.6818,-0.0358,0.7297,0.0383,1972,0,0,200, 2

0,59.8,17.95,44.34,0.6818,-0.0358,0.7297,0.0383,1978,2,0, 50, 10

0,56.82,18.26,44.14,0.6818,-0.0358,0.7297,0.0383,1981,2,0, 50, 10

0,56.82,18.26,44.14,0.6818,-0.0358,0.7297,0.0383,1983,2,0,80, 0

0,57.06,18.47,47.14,0.6818,-0.0358,0.7297,0.0383,1985,2,0, 50, 10

0,57.33,18.21,50.15,0.6818,-0.0358,0.7297,0.0383,1987,2,0, 50, 10

0,57.63,17.49,53.1,0.6818,-0.0358,0.7297,0.0383,1989,2,0, 50, 10

0,57.99,16.32,55.92,0.6818,-0.0358,0.7297,0.0383,1991,2,0, 50, 10

0,58.4,14.73,58.54,0.6818,-0.0358,0.7297,0.0383,1993,2,0, 50, 10

0,58.86,12.78,60.9,0.6818,-0.0358,0.7297,0.0383,1995,2,0, 50, 10

0,59.39,10.5,62.96,0.6818,-0.0358,0.7297,0.0383,1997,2,0, 50, 10

0,59.98,7.95,64.68,0.6818,-0.0358,0.7297,0.0383,1999,2,0, 50, 10

0,55.04,6.49,65.33,0.6818,-0.0358,0.7297,0.0383,2001,2,0, 50, 10

START Horizontal Line

0,55.04,6.49,65.33,0.6818,-0.0358,0.7297,0.0383,2004,2,1,80, 3

0,55.04,6.49,65.33,0.6818,-0.0358,0.7297,0.0383,2007,2,0,80, 0

0,55.04,6.49,65.33,0.6818,-0.0358,0.7297,0.0383,2010,2,0,80, 0

0,55.04,6.49,65.33,0.6818,-0.0358,0.7297,0.0383,2012,2,0,80, 0

0,55.74,3.6,66.37,0.6818,-0.0358,0.7297,0.0383,2014,2,0,80, 0

0,56.49,0.6,66.99,0.6818,-0.0358,0.7297,0.0383,2016,2,0,80, 0

0,57.31,-2.46,67.19,0.6818,-0.0358,0.7297,0.0383,2018,2,0,80, 0

0,58.17,-5.5,66.95,0.6818,-0.0358,0.7297,0.0383,2020,2,0,80, 0

0,59.09,-8.46,66.28,0.6818,-0.0358,0.7297,0.0383,2022,2,0,80, 0

0,60.04,-11.28,65.19,0.6818,-0.0358,0.7297,0.0383,2024,2,0,80, 0

0,61.03,-13.9,63.71,0.6818,-0.0358,0.7297,0.0383,2026,2,0,80, 0

0,62.05,-16.25,61.86,0.6818,-0.0358,0.7297,0.0383,2028,2,0,80, 0

0,57.24,-16.48,60.76,0.6818,-0.0358,0.7297,0.0383,2030,2,1,20, 4

END Horizontal Line

START Horizontal Line

0,57.24,-16.48,60.76,0.6818,-0.0358,0.7297,0.0383,2033,2,1,80, 3

0,57.24,-16.48,60.76,0.6818,-0.0358,0.7297,0.0383,2036,2,0,80, 0

0,57.24,-16.48,60.76,0.6818,-0.0358,0.7297,0.0383,2039,2,0,80, 0

0,57.24,-16.48,60.76,0.6818,-0.0358,0.7297,0.0383,2041,2,0,80, 0

0,58.28,-18.39,58.47,0.6818,-0.0358,0.7297,0.0383,2043,2,0,80, 0

0,59.32,-19.91,55.93,0.6818,-0.0358,0.7297,0.0383,2045,2,0,80, 0

0,60.36,-21,53.19,0.6818,-0.0358,0.7297,0.0383,2047,2,0,80, 0

0,61.38,-21.64,50.31,0.6818,-0.0358,0.7297,0.0383,2049,2,0,80, 0

0,62.38,-21.81,47.39,0.6818,-0.0358,0.7297,0.0383,2051,2,0,80, 0

0,63.34,-21.51,44.47,0.6818,-0.0358,0.7297,0.0383,2053,2,0,80, 0

0,64.25,-20.76,41.65,0.6818,-0.0358,0.7297,0.0383,2055,2,0,80, 0

0,65.12,-19.57,38.98,0.6818,-0.0358,0.7297,0.0383,2057,2,0,80, 0

0,60.21,-18.68,38.02,0.6818,-0.0358,0.7297,0.0383,2059,2,1,20, 4

END Horizontal Line

START Horizontal Line

0,60.21,-18.68,38.02,0.6818,-0.0358,0.7297,0.0383,2062,2,1,80, 3

0,60.21,-18.68,38.02,0.6818,-0.0358,0.7297,0.0383,2065,2,0,80, 0

0,60.21,-18.68,38.02,0.6818,-0.0358,0.7297,0.0383,2068,2,0,80, 0

0,60.21,-18.68,38.02,0.6818,-0.0358,0.7297,0.0383,2070,2,0,80, 0

0,61.01,-17,35.63,0.6818,-0.0358,0.7297,0.0383,2072,2,0,80, 0

0,61.74,-14.98,33.53,0.6818,-0.0358,0.7297,0.0383,2074,2,0,80, 0

0,62.42,-12.66,31.76,0.6818,-0.0358,0.7297,0.0383,2076,2,0,80, 0

0,63.03,-10.1,30.35,0.6818,-0.0358,0.7297,0.0383,2078,2,0,80, 0

0,63.58,-7.36,29.33,0.6818,-0.0358,0.7297,0.0383,2080,2,0,80, 0

0,64.08,-4.5,28.74,0.6818,-0.0358,0.7297,0.0383,2082,2,0,80, 0

0,64.51,-1.59,28.56,0.6818,-0.0358,0.7297,0.0383,2084,2,0,80, 0

0,64.89,1.33,28.83,0.6818,-0.0358,0.7297,0.0383,2086,2,0,80, 0

0,59.87,2.48,28.59,0.6818,-0.0358,0.7297,0.0383,2088,2,1,20, 4

END Horizontal Line

START Horizontal Line

0,59.87,2.48,28.59,0.6818,-0.0358,0.7297,0.0383,2091,2,1,80, 3

0,59.87,2.48,28.59,0.6818,-0.0358,0.7297,0.0383,2094,2,0,80, 0

0,59.87,2.48,28.59,0.6818,-0.0358,0.7297,0.0383,2097,2,0,80, 0

0,59.87,2.48,28.59,0.6818,-0.0358,0.7297,0.0383,2099,2,0,80, 0

0,60.28,5.3,29.38,0.6818,-0.0358,0.7297,0.0383,2101,2,0,80, 0

0,60.65,7.97,30.58,0.6818,-0.0358,0.7297,0.0383,2103,2,0,80, 0

0,60.99,10.43,32.19,0.6818,-0.0358,0.7297,0.0383,2105,2,0,80, 0

0,61.3,12.62,34.15,0.6818,-0.0358,0.7297,0.0383,2107,2,0,80, 0

0,61.59,14.49,36.44,0.6818,-0.0358,0.7297,0.0383,2109,2,0,80, 0

0,61.88,15.99,39.01,0.6818,-0.0358,0.7297,0.0383,2111,2,0,80, 0

0,62.17,17.07,41.79,0.6818,-0.0358,0.7297,0.0383,2113,2,0,80, 0

0,56.82,18.26,44.14,0.6818,-0.0358,0.7297,0.0383,2115,2,1,20, 4

END Horizontal Line

START Vertical Line

0,56.82,18.26,44.14,0.6818,-0.0358,0.7297,0.0383,2120,0,1, 20, 5

0,56.82,18.26,44.14,0.6818,-0.0358,0.7297,0.0383,2126,0,0,20, 1

0,56.82,18.26,44.14,0.6818,-0.0358,0.7297,0.0383,2129,0,0,20, 1

0,56.82,18.26,44.14,0.6818,-0.0358,0.7297,0.0383,2129,0,0,20, 1

0,59.45,18.01,45.57,0.6818,-0.0358,0.7297,0.0383,2134,0,0,20, 1

0,62.08,17.75,46.99,0.6818,-0.0358,0.7297,0.0383,2138,1,0,20, 1

0,64.71,17.49,48.41,0.6818,-0.0358,0.7297,0.0383,2142,1,0,20, 1

0,67.33,17.23,49.84,0.6818,-0.0358,0.7297,0.0383,2146,1,0,20, 1

0,69.96,16.97,51.26,0.6818,-0.0358,0.7297,0.0383,2150,1,0,20, 1

0,72.59,16.71,52.69,0.6818,-0.0358,0.7297,0.0383,2154,1,0,20, 1

0,75.22,16.45,54.11,0.6818,-0.0358,0.7297,0.0383,2158,1,0,20, 1

0,75.53,16.42,54.28,0.6818,-0.0358,0.7297,0.0383,2158,1,2, 20, 6

END Vertical Line

0,75.53,16.42,54.28,0.6818,-0.0358,0.7297,0.0383,2158,0,0,200, 2

0,111.2,12.67,56.72,0.6818,-0.0358,0.7297,0.0383,2158,0,0,200, 2

0,126.97,1.78,41.66,0.6818,-0.0358,0.7297,0.0383,2158,0,0,200, 2

0,59.87,2.48,28.59,0.6818,-0.0358,0.7297,0.0383,2160,0,0,200, 2

START Vertical Line

0,59.87,2.48,28.59,0.6818,-0.0358,0.7297,0.0383,2165,0,1, 20, 5

0,59.87,2.48,28.59,0.6818,-0.0358,0.7297,0.0383,2171,0,0,20, 1

0,59.87,2.48,28.59,0.6818,-0.0358,0.7297,0.0383,2174,0,0,20, 1

0,59.87,2.48,28.59,0.6818,-0.0358,0.7297,0.0383,2174,0,0,20, 1

0,62.54,2.86,29.91,0.6818,-0.0358,0.7297,0.0383,2179,0,0,20, 1

0,65.2,3.24,31.24,0.6818,-0.0358,0.7297,0.0383,2183,1,0,20, 1

0,67.87,3.62,32.56,0.6818,-0.0358,0.7297,0.0383,2187,1,0,20, 1

0,70.53,4,33.88,0.6818,-0.0358,0.7297,0.0383,2191,1,0,20, 1

0,73.2,4.38,35.21,0.6818,-0.0358,0.7297,0.0383,2195,1,0,20, 1

0,75.87,4.76,36.53,0.6818,-0.0358,0.7297,0.0383,2199,1,0,20, 1

0,78.53,5.14,37.85,0.6818,-0.0358,0.7297,0.0383,2203,1,0,20, 1

0,81.2,5.52,39.18,0.6818,-0.0358,0.7297,0.0383,2207,1,0,20, 1

0,81.3,5.53,39.23,0.6818,-0.0358,0.7297,0.0383,2207,1,2, 20, 6

END Vertical Line

0,81.3,5.53,39.23,0.6818,-0.0358,0.7297,0.0383,2207,0,0,200, 2

0,111.17,2.39,41.27,0.6818,-0.0358,0.7297,0.0383,2207,0,0,200, 2

0,121.49,-17.31,45.97,0.6818,-0.0358,0.7297,0.0383,2207,0,0,200, 2

0,60.21,-18.68,38.02,0.6818,-0.0358,0.7297,0.0383,2209,0,0,200, 2

START Vertical Line

0,60.21,-18.68,38.02,0.6818,-0.0358,0.7297,0.0383,2214,0,1, 20, 5

0,60.21,-18.68,38.02,0.6818,-0.0358,0.7297,0.0383,2220,0,0,20, 1

0,60.21,-18.68,38.02,0.6818,-0.0358,0.7297,0.0383,2223,0,0,20, 1

0,60.21,-18.68,38.02,0.6818,-0.0358,0.7297,0.0383,2223,0,0,20, 1

0,63.04,-18.09,38.8,0.6818,-0.0358,0.7297,0.0383,2228,0,0,20, 1

0,65.88,-17.49,39.59,0.6818,-0.0358,0.7297,0.0383,2232,1,0,20, 1

0,68.71,-16.89,40.37,0.6818,-0.0358,0.7297,0.0383,2236,1,0,20, 1

0,71.55,-16.29,41.15,0.6818,-0.0358,0.7297,0.0383,2240,1,0,20, 1

0,74.38,-15.7,41.93,0.6818,-0.0358,0.7297,0.0383,2244,1,0,20, 1

0,77.21,-15.1,42.71,0.6818,-0.0358,0.7297,0.0383,2248,1,0,20, 1

0,80.05,-14.5,43.5,0.6818,-0.0358,0.7297,0.0383,2252,1,0,20, 1

0,81.62,-14.17,43.93,0.6818,-0.0358,0.7297,0.0383,2252,1,2, 20, 6

END Vertical Line

0,81.62,-14.17,43.93,0.6818,-0.0358,0.7297,0.0383,2252,0,0,200, 2

0,108.82,-17.03,45.79,0.6818,-0.0358,0.7297,0.0383,2252,0,0,200, 2

0,112.97,-18.98,64.78,0.6818,-0.0358,0.7297,0.0383,2252,0,0,200, 2

0,57.24,-16.48,60.76,0.6818,-0.0358,0.7297,0.0383,2254,0,0,200, 2

START Vertical Line

0,57.24,-16.48,60.76,0.6818,-0.0358,0.7297,0.0383,2259,0,1, 20, 5

0,57.24,-16.48,60.76,0.6818,-0.0358,0.7297,0.0383,2265,0,0,20, 1

0,57.24,-16.48,60.76,0.6818,-0.0358,0.7297,0.0383,2268,0,0,20, 1

0,57.24,-16.48,60.76,0.6818,-0.0358,0.7297,0.0383,2268,0,0,20, 1

0,60.22,-16.42,61.11,0.6818,-0.0358,0.7297,0.0383,2273,0,0,20, 1

0,63.2,-16.36,61.45,0.6818,-0.0358,0.7297,0.0383,2277,1,0,20, 1

0,66.17,-16.3,61.8,0.6818,-0.0358,0.7297,0.0383,2281,1,0,20, 1

0,69.15,-16.25,62.15,0.6818,-0.0358,0.7297,0.0383,2285,1,0,20, 1

0,72.13,-16.19,62.5,0.6818,-0.0358,0.7297,0.0383,2289,1,0,20, 1

0,75.11,-16.13,62.85,0.6818,-0.0358,0.7297,0.0383,2293,1,0,20, 1

0,75.77,-16.12,62.93,0.6818,-0.0358,0.7297,0.0383,2293,1,2, 20, 6

END Vertical Line

0,75.77,-16.12,62.93,0.6818,-0.0358,0.7297,0.0383,2293,0,0,200, 2

0,107.25,-19.43,65.08,0.6818,-0.0358,0.7297,0.0383,2293,0,0,200, 2

0,113.27,-0.54,72.15,0.6818,-0.0358,0.7297,0.0383,2293,0,0,200, 2

0,55.04,6.49,65.33,0.6818,-0.0358,0.7297,0.0383,2295,0,0,200, 2

START Vertical Line

0,55.04,6.49,65.33,0.6818,-0.0358,0.7297,0.0383,2300,0,1, 20, 5

0,55.04,6.49,65.33,0.6818,-0.0358,0.7297,0.0383,2306,0,0,20, 1

0,55.04,6.49,65.33,0.6818,-0.0358,0.7297,0.0383,2309,0,0,20, 1

0,55.04,6.49,65.33,0.6818,-0.0358,0.7297,0.0383,2309,0,0,20, 1

0,57.86,5.86,66.12,0.6818,-0.0358,0.7297,0.0383,2314,0,0,20, 1

0,60.69,5.24,66.9,0.6818,-0.0358,0.7297,0.0383,2318,1,0,20, 1

0,63.52,4.61,67.69,0.6818,-0.0358,0.7297,0.0383,2322,1,0,20, 1

0,66.34,3.98,68.48,0.6818,-0.0358,0.7297,0.0383,2326,1,0,20, 1

0,69.17,3.35,69.27,0.6818,-0.0358,0.7297,0.0383,2330,1,0,20, 1

0,71.8,2.77,70,0.6818,-0.0358,0.7297,0.0383,2330,1,2, 20, 6

END Vertical Line

0,71.8,2.77,70,0.6818,-0.0358,0.7297,0.0383,2330,0,0,200, 2

0,108.67,-1.11,72.51,0.6818,-0.0358,0.7297,0.0383,2330,0,0,200, 2

0,122.4,12.54,56.8,0.6818,-0.0358,0.7297,0.0383,2330,0,0,200, 2

0,75.53,16.42,54.28,0.6818,-0.0358,0.7297,0.0383,2332,0,0,200, 2

0,78.5,16.11,54.48,0.6818,-0.0358,0.7297,0.0383,2338,2,0, 50, 10

0,75.53,16.42,54.28,0.6818,-0.0358,0.7297,0.0383,2341,2,0, 50, 10

0,75.53,16.42,54.28,0.6818,-0.0358,0.7297,0.0383,2343,2,0,80, 0

0,75.36,16.01,57.18,0.6818,-0.0358,0.7297,0.0383,2345,2,0, 50, 10

0,75.28,15.06,59.98,0.6818,-0.0358,0.7297,0.0383,2347,2,0, 50, 10

0,75.3,13.61,62.6,0.6818,-0.0358,0.7297,0.0383,2349,2,0, 50, 10

0,75.44,11.71,64.95,0.6818,-0.0358,0.7297,0.0383,2351,2,0, 50, 10

0,75.73,9.42,66.98,0.6818,-0.0358,0.7297,0.0383,2353,2,0, 50, 10

0,76.16,6.82,68.62,0.6818,-0.0358,0.7297,0.0383,2355,2,0, 50, 10

0,76.75,3.99,69.84,0.6818,-0.0358,0.7297,0.0383,2357,2,0, 50, 10

0,71.8,2.77,70,0.6818,-0.0358,0.7297,0.0383,2359,2,0, 50, 10

START Horizontal Line

0,71.8,2.77,70,0.6818,-0.0358,0.7297,0.0383,2362,2,1,80, 3

0,71.8,2.77,70,0.6818,-0.0358,0.7297,0.0383,2365,2,0,80, 0

0,71.8,2.77,70,0.6818,-0.0358,0.7297,0.0383,2368,2,0,80, 0

0,71.8,2.77,70,0.6818,-0.0358,0.7297,0.0383,2370,2,0,80, 0

0,72.64,-0.26,70.49,0.6818,-0.0358,0.7297,0.0383,2372,2,0,80, 0

0,73.63,-3.32,70.51,0.6818,-0.0358,0.7297,0.0383,2374,2,0,80, 0

0,74.76,-6.32,70.06,0.6818,-0.0358,0.7297,0.0383,2376,2,0,80, 0

0,76.03,-9.18,69.16,0.6818,-0.0358,0.7297,0.0383,2378,2,0,80, 0

0,77.42,-11.82,67.82,0.6818,-0.0358,0.7297,0.0383,2380,2,0,80, 0

0,78.9,-14.17,66.07,0.6818,-0.0358,0.7297,0.0383,2382,2,0,80, 0

0,80.47,-16.15,63.97,0.6818,-0.0358,0.7297,0.0383,2384,2,0,80, 0

0,75.77,-16.12,62.93,0.6818,-0.0358,0.7297,0.0383,2386,2,1,20, 4

END Horizontal Line

START Horizontal Line

0,75.77,-16.12,62.93,0.6818,-0.0358,0.7297,0.0383,2389,2,1,80, 3

0,75.77,-16.12,62.93,0.6818,-0.0358,0.7297,0.0383,2392,2,0,80, 0

0,75.77,-16.12,62.93,0.6818,-0.0358,0.7297,0.0383,2395,2,0,80, 0

0,75.77,-16.12,62.93,0.6818,-0.0358,0.7297,0.0383,2397,2,0,80, 0

0,77.4,-17.52,60.45,0.6818,-0.0358,0.7297,0.0383,2399,2,0,80, 0

0,79.05,-18.42,57.78,0.6818,-0.0358,0.7297,0.0383,2401,2,0,80, 0

0,80.69,-18.79,55,0.6818,-0.0358,0.7297,0.0383,2403,2,0,80, 0

0,82.28,-18.62,52.19,0.6818,-0.0358,0.7297,0.0383,2405,2,0,80, 0

0,83.79,-17.9,49.47,0.6818,-0.0358,0.7297,0.0383,2407,2,0,80, 0

0,85.21,-16.68,46.91,0.6818,-0.0358,0.7297,0.0383,2409,2,0,80, 0

0,86.5,-15,44.6,0.6818,-0.0358,0.7297,0.0383,2411,2,0,80, 0

0,81.62,-14.17,43.93,0.6818,-0.0358,0.7297,0.0383,2413,2,1,20, 4

END Horizontal Line

START Horizontal Line

0,81.62,-14.17,43.93,0.6818,-0.0358,0.7297,0.0383,2416,2,1,80, 3

0,81.62,-14.17,43.93,0.6818,-0.0358,0.7297,0.0383,2419,2,0,80, 0

0,81.62,-14.17,43.93,0.6818,-0.0358,0.7297,0.0383,2422,2,0,80, 0

0,81.62,-14.17,43.93,0.6818,-0.0358,0.7297,0.0383,2424,2,0,80, 0

0,82.75,-12.04,42,0.6818,-0.0358,0.7297,0.0383,2426,2,0,80, 0

0,83.74,-9.59,40.45,0.6818,-0.0358,0.7297,0.0383,2428,2,0,80, 0

0,84.57,-6.92,39.32,0.6818,-0.0358,0.7297,0.0383,2430,2,0,80, 0

0,85.24,-4.08,38.64,0.6818,-0.0358,0.7297,0.0383,2432,2,0,80, 0

0,85.76,-1.18,38.42,0.6818,-0.0358,0.7297,0.0383,2434,2,0,80, 0

0,86.13,1.72,38.68,0.6818,-0.0358,0.7297,0.0383,2436,2,0,80, 0

0,86.36,4.52,39.4,0.6818,-0.0358,0.7297,0.0383,2438,2,0,80, 0

0,81.3,5.53,39.23,0.6818,-0.0358,0.7297,0.0383,2440,2,1,20, 4

END Horizontal Line

START Horizontal Line

0,81.3,5.53,39.23,0.6818,-0.0358,0.7297,0.0383,2443,2,1,80, 3

0,81.3,5.53,39.23,0.6818,-0.0358,0.7297,0.0383,2446,2,0,80, 0

0,81.3,5.53,39.23,0.6818,-0.0358,0.7297,0.0383,2449,2,0,80, 0

0,81.3,5.53,39.23,0.6818,-0.0358,0.7297,0.0383,2451,2,0,80, 0

0,81.5,8.12,40.49,0.6818,-0.0358,0.7297,0.0383,2453,2,0,80, 0

0,81.59,10.44,42.16,0.6818,-0.0358,0.7297,0.0383,2455,2,0,80, 0

0,81.59,12.43,44.22,0.6818,-0.0358,0.7297,0.0383,2457,2,0,80, 0

0,81.53,14.01,46.6,0.6818,-0.0358,0.7297,0.0383,2459,2,0,80, 0

0,81.43,15.13,49.23,0.6818,-0.0358,0.7297,0.0383,2461,2,0,80, 0

0,81.32,15.74,52.05,0.6818,-0.0358,0.7297,0.0383,2463,2,0,80, 0

0,75.53,16.42,54.28,0.6818,-0.0358,0.7297,0.0383,2465,2,1,20, 4

END Horizontal Line

START Vertical Line

0,75.53,16.42,54.28,0.6818,-0.0358,0.7297,0.0383,2470,0,1, 20, 5

0,75.53,16.42,54.28,0.6818,-0.0358,0.7297,0.0383,2476,0,0,20, 1

0,75.53,16.42,54.28,0.6818,-0.0358,0.7297,0.0383,2479,0,0,20, 1

0,75.53,16.42,54.28,0.6818,-0.0358,0.7297,0.0383,2479,0,0,20, 1

0,78.15,16.16,55.71,0.6818,-0.0358,0.7297,0.0383,2484,0,0,20, 1

0,80.78,15.9,57.13,0.6818,-0.0358,0.7297,0.0383,2488,1,0,20, 1

0,83.41,15.64,58.56,0.6818,-0.0358,0.7297,0.0383,2492,1,0,20, 1

0,86.04,15.38,59.98,0.6818,-0.0358,0.7297,0.0383,2496,1,0,20, 1

0,88.66,15.12,61.41,0.6818,-0.0358,0.7297,0.0383,2500,1,0,20, 1

0,91.29,14.87,62.83,0.6818,-0.0358,0.7297,0.0383,2504,1,0,20, 1

0,93.92,14.61,64.25,0.6818,-0.0358,0.7297,0.0383,2508,1,0,20, 1

0,94.23,14.58,64.42,0.6818,-0.0358,0.7297,0.0383,2508,1,2, 20, 6

END Vertical Line

0,94.23,14.58,64.42,0.6818,-0.0358,0.7297,0.0383,2508,0,0,200, 2

0,110.61,12.85,65.54,0.6818,-0.0358,0.7297,0.0383,2508,0,0,200, 2

0,129.11,6.86,50.99,0.6818,-0.0358,0.7297,0.0383,2508,0,0,200, 2

0,81.3,5.53,39.23,0.6818,-0.0358,0.7297,0.0383,2510,0,0,200, 2

START Vertical Line

0,81.3,5.53,39.23,0.6818,-0.0358,0.7297,0.0383,2515,0,1, 20, 5

0,81.3,5.53,39.23,0.6818,-0.0358,0.7297,0.0383,2521,0,0,20, 1

0,81.3,5.53,39.23,0.6818,-0.0358,0.7297,0.0383,2524,0,0,20, 1

0,81.3,5.53,39.23,0.6818,-0.0358,0.7297,0.0383,2524,0,0,20, 1

0,83.96,5.91,40.55,0.6818,-0.0358,0.7297,0.0383,2529,0,0,20, 1

begin
