begin
0,8.02,-29.94,150,0,0,0,0, 80, 9

0,29.32,-34.77,50,0,0,0,0, 80, 9

0,9.32,-34.77,0,0,0,0,0, 80, 9

0,8.02,-29.94,0,0,0,0,0, 80, 9

0,8.02,-29.94,0,0,0,0,0, 80, 9

START Horizontal Line

0,8.02,-29.94,0,0,0,0,0,80, 3

0,8.02,-29.94,0,0,0,0,0,80, 0

0,8.02,-29.94,0,0,0,0,0,80, 0

0,8.02,-29.94,0,0,0,0,0,80, 0

0,10.88,-29.03,0,0,0,0,0,80, 0

0,13.63,-27.84,0,0,0,0,0,80, 0

0,16.26,-26.39,0,0,0,0,0,80, 0

0,18.73,-24.7,0,0,0,0,0,80, 0

0,21.03,-22.77,0,0,0,0,0,80, 0

0,21.92,-21.92,0,0,0,0,0,20, 4

END Horizontal Line

START Horizontal Line

0,21.92,-21.92,0,0,0,0,0,80, 3

0,21.92,-21.92,0,0,0,0,0,80, 0

0,21.92,-21.92,0,0,0,0,0,80, 0

0,21.92,-21.92,0,0,0,0,0,80, 0

0,23.94,-19.7,0,0,0,0,0,80, 0

0,25.73,-17.29,0,0,0,0,0,80, 0

0,27.28,-14.73,0,0,0,0,0,80, 0

0,28.57,-12.02,0,0,0,0,0,80, 0

0,29.6,-9.21,0,0,0,0,0,80, 0

0,29.94,-8.02,0,0,0,0,0,20, 4

END Horizontal Line

START Horizontal Line

0,29.94,-8.02,0,0,0,0,0,80, 3

0,29.94,-8.02,0,0,0,0,0,80, 0

0,29.94,-8.02,0,0,0,0,0,80, 0

0,29.94,-8.02,0,0,0,0,0,80, 0

0,30.58,-5.09,0,0,0,0,0,80, 0

0,30.93,-2.11,0,0,0,0,0,80, 0

0,30.99,0.88,0,0,0,0,0,80, 0

0,30.76,3.87,0,0,0,0,0,80, 0

0,30.24,6.83,0,0,0,0,0,80, 0

0,29.94,8.02,0,0,0,0,0,20, 4

END Horizontal Line

START Horizontal Line

0,29.94,8.02,0,0,0,0,0,80, 3

0,29.94,8.02,0,0,0,0,0,80, 0

0,29.94,8.02,0,0,0,0,0,80, 0

0,29.94,8.02,0,0,0,0,0,80, 0

0,29.03,10.88,0,0,0,0,0,80, 0

0,27.84,13.63,0,0,0,0,0,80, 0

0,26.39,16.26,0,0,0,0,0,80, 0

0,24.7,18.73,0,0,0,0,0,80, 0

0,22.77,21.03,0,0,0,0,0,80, 0

0,21.92,21.92,0,0,0,0,0,20, 4

END Horizontal Line

START Horizontal Line

0,21.92,21.92,0,0,0,0,0,80, 3

0,21.92,21.92,0,0,0,0,0,80, 0

0,21.92,21.92,0,0,0,0,0,80, 0

0,21.92,21.92,0,0,0,0,0,80, 0

0,19.7,23.94,0,0,0,0,0,80, 0

0,17.29,25.73,0,0,0,0,0,80, 0

0,14.73,27.28,0,0,0,0,0,80, 0

0,12.02,28.57,0,0,0,0,0,80, 0

0,9.21,29.6,0,0,0,0,0,80, 0

0,8.02,29.94,0,0,0,0,0,20, 4

END Horizontal Line

START Vertical Line

0,8.02,29.94,0,0,0,0,0, 20, 5

0,8.02,29.94,0,0,0,0,0,20, 1

0,8.02,29.94,0,0,0,0,0,20, 1

0,8.02,29.94,0,0,0,0,0,20, 1

0,8.6,32.09,2.02,0,0,0,0,20, 1

0,9.16,34.2,4.07,0,0,0,0,20, 1

0,9.72,36.27,6.17,0,0,0,0,20, 1

0,10.26,38.3,8.31,0,0,0,0,20, 1

0,10.79,40.28,10.5,0,0,0,0,20, 1

0,11.31,42.19,12.75,0,0,0,0,20, 1

0,11.8,44.04,15.07,0,0,0,0,20, 1

0,12.27,45.8,17.45,0,0,0,0,20, 1

0,12.72,47.46,19.91,0,0,0,0,20, 1

0,12.72,47.47,19.92,0,0,0,2,20, 6

END Vertical Line

0,12.72,47.47,19.92,0,0,0,0,200, 2

0,12.72,47.47,76,0,0,0,0,200, 2

0,44.75,34.75,76,0,0,0,0,200, 2

0,21.92,21.92,0,0,0,0,0,200, 2

START Vertical Line

0,21.92,21.92,0,0,0,0,0, 20, 5

0,21.92,21.92,0,0,0,0,0,20, 1

0,21.92,21.92,0,0,0,0,0,20, 1

0,21.92,21.92,0,0,0,0,0,20, 1

0,23.49,23.49,2.02,0,0,0,0,20, 1

0,25.04,25.04,4.07,0,0,0,0,20, 1

0,26.55,26.55,6.17,0,0,0,0,20, 1

0,28.04,28.04,8.31,0,0,0,0,20, 1

0,29.49,29.49,10.5,0,0,0,0,20, 1

0,30.89,30.89,12.75,0,0,0,0,20, 1

0,32.24,32.24,15.07,0,0,0,0,20, 1

0,33.53,33.53,17.45,0,0,0,0,20, 1

0,34.74,34.74,19.91,0,0,0,0,20, 1

0,34.75,34.75,19.92,0,0,0,2,20, 6

END Vertical Line

0,34.75,34.75,19.92,0,0,0,0,200, 2

0,34.75,34.75,76,0,0,0,0,200, 2

0,57.47,12.72,76,0,0,0,0,200, 2

0,29.94,8.02,0,0,0,0,0,200, 2

START Vertical Line

0,29.94,8.02,0,0,0,0,0, 20, 5

0,29.94,8.02,0,0,0,0,0,20, 1

0,29.94,8.02,0,0,0,0,0,20, 1

0,29.94,8.02,0,0,0,0,0,20, 1

0,32.09,8.6,2.02,0,0,0,0,20, 1

0,34.2,9.16,4.07,0,0,0,0,20, 1

0,36.27,9.72,6.17,0,0,0,0,20, 1

0,38.3,10.26,8.31,0,0,0,0,20, 1

0,40.28,10.79,10.5,0,0,0,0,20, 1

0,42.19,11.31,12.75,0,0,0,0,20, 1

0,44.04,11.8,15.07,0,0,0,0,20, 1

0,45.8,12.27,17.45,0,0,0,0,20, 1

0,47.46,12.72,19.91,0,0,0,0,20, 1

0,47.47,12.72,19.92,0,0,0,2,20, 6

END Vertical Line

0,47.47,12.72,19.92,0,0,0,0,200, 2

0,47.47,12.72,76,0,0,0,0,200, 2

0,57.47,-12.72,76,0,0,0,0,200, 2

0,29.94,-8.02,0,0,0,0,0,200, 2

START Vertical Line

0,29.94,-8.02,0,0,0,0,0, 20, 5

0,29.94,-8.02,0,0,0,0,0,20, 1

0,29.94,-8.02,0,0,0,0,0,20, 1

0,29.94,-8.02,0,0,0,0,0,20, 1

0,32.09,-8.6,2.02,0,0,0,0,20, 1

0,34.2,-9.16,4.07,0,0,0,0,20, 1

0,36.27,-9.72,6.17,0,0,0,0,20, 1

0,38.3,-10.26,8.31,0,0,0,0,20, 1

0,40.28,-10.79,10.5,0,0,0,0,20, 1

0,42.19,-11.31,12.75,0,0,0,0,20, 1

0,44.04,-11.8,15.07,0,0,0,0,20, 1

0,45.8,-12.27,17.45,0,0,0,0,20, 1

0,47.46,-12.72,19.91,0,0,0,0,20, 1

0,47.47,-12.72,19.92,0,0,0,2,20, 6

END Vertical Line

0,47.47,-12.72,19.92,0,0,0,0,200, 2

0,47.47,-12.72,76,0,0,0,0,200, 2

0,44.75,-34.75,76,0,0,0,0,200, 2

0,21.92,-21.92,0,0,0,0,0,200, 2

START Vertical Line

0,21.92,-21.92,0,0,0,0,0, 20, 5

0,21.92,-21.92,0,0,0,0,0,20, 1

0,21.92,-21.92,0,0,0,0,0,20, 1

0,21.92,-21.92,0,0,0,0,0,20, 1

0,23.49,-23.49,2.02,0,0,0,0,20, 1

0,25.04,-25.04,4.07,0,0,0,0,20, 1

0,26.55,-26.55,6.17,0,0,0,0,20, 1

0,28.04,-28.04,8.31,0,0,0,0,20, 1

0,29.49,-29.49,10.5,0,0,0,0,20, 1

0,30.89,-30.89,12.75,0,0,0,0,20, 1

0,32.24,-32.24,15.07,0,0,0,0,20, 1

0,33.53,-33.53,17.45,0,0,0,0,20, 1

0,34.74,-34.74,19.91,0,0,0,0,20, 1

0,34.75,-34.75,19.92,0,0,0,2,20, 6

END Vertical Line

0,34.75,-34.75,19.92,0,0,0,0,200, 2

0,34.75,-34.75,76,0,0,0,0,200, 2

0,22.72,-47.47,76,0,0,0,0,200, 2

0,8.02,-29.94,0,0,0,0,0,200, 2

START Vertical Line

0,8.02,-29.94,0,0,0,0,0, 20, 5

0,8.02,-29.94,0,0,0,0,0,20, 1

0,8.02,-29.94,0,0,0,0,0,20, 1

0,8.02,-29.94,0,0,0,0,0,20, 1

0,8.6,-32.09,2.02,0,0,0,0,20, 1

0,9.16,-34.2,4.07,0,0,0,0,20, 1

0,9.72,-36.27,6.17,0,0,0,0,20, 1

0,10.26,-38.3,8.31,0,0,0,0,20, 1

0,10.79,-40.28,10.5,0,0,0,0,20, 1

0,11.31,-42.19,12.75,0,0,0,0,20, 1

0,11.8,-44.04,15.07,0,0,0,0,20, 1

0,12.27,-45.8,17.45,0,0,0,0,20, 1

0,12.72,-47.46,19.91,0,0,0,0,20, 1

0,12.72,-47.47,19.92,0,0,0,2,20, 6

END Vertical Line

0,12.72,-47.47,22.92,0,0,0,0, 50, 10

0,12.72,-47.47,19.92,0,0,0,0, 50, 10

0,12.72,-47.47,19.92,0,0,0,0,80, 0

0,15.59,-46.6,20.55,0,0,0,0, 50, 10

0,18.41,-45.57,21.17,0,0,0,0, 50, 10

0,21.15,-44.36,21.8,0,0,0,0, 50, 10

0,23.82,-42.99,22.42,0,0,0,0, 50, 10

0,26.4,-41.45,23.05,0,0,0,0, 50, 10

0,28.88,-39.76,23.67,0,0,0,0, 50, 10

0,31.25,-37.93,24.3,0,0,0,0, 50, 10

0,33.5,-35.95,24.92,0,0,0,0, 50, 10

0,34.75,-34.75,19.92,0,0,0,0, 50, 10

START Horizontal Line

0,34.75,-34.75,19.92,0,0,0,0,80, 3

0,34.75,-34.75,19.92,0,0,0,0,80, 0

0,34.75,-34.75,19.92,0,0,0,0,80, 0

0,34.75,-34.75,19.92,0,0,0,0,80, 0

0,36.8,-32.56,20.55,0,0,0,0,80, 0

0,38.72,-30.26,21.17,0,0,0,0,80, 0

0,40.5,-27.84,21.8,0,0,0,0,80, 0

0,42.12,-25.32,22.42,0,0,0,0,80, 0

0,43.59,-22.7,23.05,0,0,0,0,80, 0

0,44.89,-20,23.67,0,0,0,0,80, 0

0,46.03,-17.22,24.3,0,0,0,0,80, 0

0,46.99,-14.38,24.92,0,0,0,0,80, 0

0,47.47,-12.72,19.92,0,0,0,0,20, 4

END Horizontal Line

START Horizontal Line

0,47.47,-12.72,19.92,0,0,0,0,80, 3

0,47.47,-12.72,19.92,0,0,0,0,80, 0

0,47.47,-12.72,19.92,0,0,0,0,80, 0

0,47.47,-12.72,19.92,0,0,0,0,80, 0

0,48.16,-9.8,20.55,0,0,0,0,80, 0

0,48.66,-6.84,21.17,0,0,0,0,80, 0

0,48.99,-3.86,21.8,0,0,0,0,80, 0

0,49.14,-0.87,22.42,0,0,0,0,80, 0

0,49.1,2.13,23.05,0,0,0,0,80, 0

0,48.88,5.13,23.67,0,0,0,0,80, 0

0,48.47,8.1,24.3,0,0,0,0,80, 0

0,47.89,11.04,24.92,0,0,0,0,80, 0

0,47.47,12.72,19.92,0,0,0,0,20, 4

END Horizontal Line

START Horizontal Line

0,47.47,12.72,19.92,0,0,0,0,80, 3

0,47.47,12.72,19.92,0,0,0,0,80, 0

0,47.47,12.72,19.92,0,0,0,0,80, 0

0,47.47,12.72,19.92,0,0,0,0,80, 0

0,46.6,15.59,20.55,0,0,0,0,80, 0

0,45.57,18.41,21.17,0,0,0,0,80, 0

0,44.36,21.15,21.8,0,0,0,0,80, 0

0,42.99,23.82,22.42,0,0,0,0,80, 0

0,41.45,26.4,23.05,0,0,0,0,80, 0

0,39.76,28.88,23.67,0,0,0,0,80, 0

0,37.93,31.25,24.3,0,0,0,0,80, 0

0,35.95,33.5,24.92,0,0,0,0,80, 0

0,34.75,34.75,19.92,0,0,0,0,20, 4

END Horizontal Line

START Horizontal Line

0,34.75,34.75,19.92,0,0,0,0,80, 3

0,34.75,34.75,19.92,0,0,0,0,80, 0

0,34.75,34.75,19.92,0,0,0,0,80, 0

0,34.75,34.75,19.92,0,0,0,0,80, 0

0,32.56,36.8,20.55,0,0,0,0,80, 0

0,30.26,38.72,21.17,0,0,0,0,80, 0

0,27.84,40.5,21.8,0,0,0,0,80, 0

0,25.32,42.12,22.42,0,0,0,0,80, 0

0,22.7,43.59,23.05,0,0,0,0,80, 0

0,20,44.89,23.67,0,0,0,0,80, 0

0,17.22,46.03,24.3,0,0,0,0,80, 0

0,14.38,46.99,24.92,0,0,0,0,80, 0

0,12.72,47.47,19.92,0,0,0,0,20, 4

END Horizontal Line

START Vertical Line

0,12.72,47.47,19.92,0,0,0,0, 20, 5

0,12.72,47.47,19.92,0,0,0,0,20, 1

0,12.72,47.47,19.92,0,0,0,0,20, 1

0,12.72,47.47,19.92,0,0,0,0,20, 1

0,13.13,49.01,22.46,0,0,0,0,20, 1

0,13.51,50.42,25.08,0,0,0,0,20, 1

0,13.84,51.67,27.79,0,0,0,0,20, 1

0,14.13,52.73,30.58,0,0,0,0,20, 1

0,14.36,53.57,33.45,0,0,0,0,20, 1

0,14.52,54.19,36.38,0,0,0,0,20, 1

0,14.61,54.54,39.36,0,0,0,0,20, 1

0,14.64,54.63,42.36,0,0,0,0,20, 1

0,14.59,54.47,45.35,0,0,0,0,20, 1

0,14.59,54.47,45.37,0,0,0,2,20, 6

END Vertical Line

0,14.59,54.47,45.37,0,0,0,0,200, 2

0,14.59,54.47,76,0,0,0,0,200, 2

0,49.87,39.87,76,0,0,0,0,200, 2

0,34.75,34.75,19.92,0,0,0,0,200, 2

START Vertical Line

0,34.75,34.75,19.92,0,0,0,0, 20, 5

0,34.75,34.75,19.92,0,0,0,0,20, 1

0,34.75,34.75,19.92,0,0,0,0,20, 1

0,34.75,34.75,19.92,0,0,0,0,20, 1

0,35.88,35.88,22.46,0,0,0,0,20, 1

0,36.91,36.91,25.08,0,0,0,0,20, 1

0,37.82,37.82,27.79,0,0,0,0,20, 1

0,38.6,38.6,30.58,0,0,0,0,20, 1

0,39.22,39.22,33.45,0,0,0,0,20, 1

0,39.67,39.67,36.38,0,0,0,0,20, 1

0,39.93,39.93,39.36,0,0,0,0,20, 1

0,40,40,42.36,0,0,0,0,20, 1

0,39.87,39.87,45.35,0,0,0,0,20, 1

0,39.87,39.87,45.37,0,0,0,2,20, 6

END Vertical Line

0,39.87,39.87,45.37,0,0,0,0,200, 2

0,39.87,39.87,76,0,0,0,0,200, 2

0,64.47,14.59,76,0,0,0,0,200, 2

0,47.47,12.72,19.92,0,0,0,0,200, 2

START Vertical Line

0,47.47,12.72,19.92,0,0,0,0, 20, 5

0,47.47,12.72,19.92,0,0,0,0,20, 1

0,47.47,12.72,19.92,0,0,0,0,20, 1

0,47.47,12.72,19.92,0,0,0,0,20, 1

0,49.01,13.13,22.46,0,0,0,0,20, 1

0,50.42,13.51,25.08,0,0,0,0,20, 1

0,51.67,13.84,27.79,0,0,0,0,20, 1

0,52.73,14.13,30.58,0,0,0,0,20, 1

0,53.57,14.36,33.45,0,0,0,0,20, 1

0,54.19,14.52,36.38,0,0,0,0,20, 1

0,54.54,14.61,39.36,0,0,0,0,20, 1

0,54.63,14.64,42.36,0,0,0,0,20, 1

0,54.47,14.59,45.35,0,0,0,0,20, 1

0,54.47,14.59,45.37,0,0,0,2,20, 6

END Vertical Line

0,54.47,14.59,45.37,0,0,0,0,200, 2

0,54.47,14.59,76,0,0,0,0,200, 2

0,64.47,-14.59,76,0,0,0,0,200, 2

0,47.47,-12.72,19.92,0,0,0,0,200, 2

START Vertical Line

0,47.47,-12.72,19.92,0,0,0,0, 20, 5

0,47.47,-12.72,19.92,0,0,0,0,20, 1

0,47.47,-12.72,19.92,0,0,0,0,20, 1

0,47.47,-12.72,19.92,0,0,0,0,20, 1

0,49.01,-13.13,22.46,0,0,0,0,20, 1

0,50.42,-13.51,25.08,0,0,0,0,20, 1

0,51.67,-13.84,27.79,0,0,0,0,20, 1

0,52.73,-14.13,30.58,0,0,0,0,20, 1

0,53.57,-14.36,33.45,0,0,0,0,20, 1

0,54.19,-14.52,36.38,0,0,0,0,20, 1

0,54.54,-14.61,39.36,0,0,0,0,20, 1

0,54.63,-14.64,42.36,0,0,0,0,20, 1

0,54.47,-14.59,45.35,0,0,0,0,20, 1

0,54.47,-14.59,45.37,0,0,0,2,20, 6

END Vertical Line

0,54.47,-14.59,45.37,0,0,0,0,200, 2

0,54.47,-14.59,76,0,0,0,0,200, 2

0,49.87,-39.87,76,0,0,0,0,200, 2

0,34.75,-34.75,19.92,0,0,0,0,200, 2

START Vertical Line

0,34.75,-34.75,19.92,0,0,0,0, 20, 5

0,34.75,-34.75,19.92,0,0,0,0,20, 1

0,34.75,-34.75,19.92,0,0,0,0,20, 1

0,34.75,-34.75,19.92,0,0,0,0,20, 1

0,35.88,-35.88,22.46,0,0,0,0,20, 1

0,36.91,-36.91,25.08,0,0,0,0,20, 1

0,37.82,-37.82,27.79,0,0,0,0,20, 1

0,38.6,-38.6,30.58,0,0,0,0,20, 1

0,39.22,-39.22,33.45,0,0,0,0,20, 1

0,39.67,-39.67,36.38,0,0,0,0,20, 1

0,39.93,-39.93,39.36,0,0,0,0,20, 1

0,40,-40,42.36,0,0,0,0,20, 1

0,39.87,-39.87,45.35,0,0,0,0,20, 1

0,39.87,-39.87,45.37,0,0,0,2,20, 6

END Vertical Line

0,39.87,-39.87,45.37,0,0,0,0,200, 2

0,39.87,-39.87,76,0,0,0,0,200, 2

0,24.59,-54.47,76,0,0,0,0,200, 2

0,12.72,-47.47,19.92,0,0,0,0,200, 2

START Vertical Line

0,12.72,-47.47,19.92,0,0,0,0, 20, 5

0,12.72,-47.47,19.92,0,0,0,0,20, 1

0,12.72,-47.47,19.92,0,0,0,0,20, 1

0,12.72,-47.47,19.92,0,0,0,0,20, 1

0,13.13,-49.01,22.46,0,0,0,0,20, 1

0,13.51,-50.42,25.08,0,0,0,0,20, 1

0,13.84,-51.67,27.79,0,0,0,0,20, 1

0,14.13,-52.73,30.58,0,0,0,0,20, 1

0,14.36,-53.57,33.45,0,0,0,0,20, 1

0,14.52,-54.19,36.38,0,0,0,0,20, 1

0,14.61,-54.54,39.36,0,0,0,0,20, 1

0,14.64,-54.63,42.36,0,0,0,0,20, 1

0,14.59,-54.47,45.35,0,0,0,0,20, 1

0,14.59,-54.47,45.37,0,0,0,2,20, 6

END Vertical Line

0,14.59,-54.47,48.37,0,0,0,0, 50, 10

0,14.59,-54.47,45.37,0,0,0,0, 50, 10

0,14.59,-54.47,45.37,0,0,0,0,80, 0

0,17.47,-53.61,45.92,0,0,0,0, 50, 10

0,20.3,-52.61,46.48,0,0,0,0, 50, 10

0,23.06,-51.45,47.03,0,0,0,0, 50, 10

0,25.77,-50.15,47.59,0,0,0,0, 50, 10

0,28.4,-48.71,48.14,0,0,0,0, 50, 10

0,30.95,-47.13,48.7,0,0,0,0, 50, 10

0,33.41,-45.42,49.26,0,0,0,0, 50, 10

0,35.78,-43.58,49.81,0,0,0,0, 50, 10

0,38.05,-41.62,50.37,0,0,0,0, 50, 10

0,39.87,-39.87,45.37,0,0,0,0, 50, 10

START Horizontal Line

0,39.87,-39.87,45.37,0,0,0,0,80, 3

0,39.87,-39.87,45.37,0,0,0,0,80, 0

0,39.87,-39.87,45.37,0,0,0,0,80, 0

0,39.87,-39.87,45.37,0,0,0,0,80, 0

0,41.94,-37.69,45.92,0,0,0,0,80, 0

0,43.88,-35.41,46.48,0,0,0,0,80, 0

0,45.7,-33.03,47.03,0,0,0,0,80, 0

0,47.39,-30.55,47.59,0,0,0,0,80, 0

0,48.95,-27.99,48.14,0,0,0,0,80, 0

0,50.37,-25.34,48.7,0,0,0,0,80, 0

0,51.65,-22.63,49.26,0,0,0,0,80, 0

0,52.78,-19.85,49.81,0,0,0,0,80, 0

0,53.76,-17.02,50.37,0,0,0,0,80, 0

0,54.47,-14.59,45.37,0,0,0,0,20, 4

END Horizontal Line

START Horizontal Line

0,54.47,-14.59,45.37,0,0,0,0,80, 3

0,54.47,-14.59,45.37,0,0,0,0,80, 0

0,54.47,-14.59,45.37,0,0,0,0,80, 0

0,54.47,-14.59,45.37,0,0,0,0,80, 0

0,55.16,-11.68,45.92,0,0,0,0,80, 0

0,55.71,-8.73,46.48,0,0,0,0,80, 0

0,56.09,-5.75,47.03,0,0,0,0,80, 0

0,56.32,-2.76,47.59,0,0,0,0,80, 0

0,56.39,0.24,48.14,0,0,0,0,80, 0

0,56.29,3.24,48.7,0,0,0,0,80, 0

0,56.04,6.23,49.26,0,0,0,0,80, 0

0,55.63,9.2,49.81,0,0,0,0,80, 0

0,55.06,12.14,50.37,0,0,0,0,80, 0

0,54.47,14.59,45.37,0,0,0,0,20, 4

END Horizontal Line

START Horizontal Line

0,54.47,14.59,45.37,0,0,0,0,80, 3

0,54.47,14.59,45.37,0,0,0,0,80, 0

0,54.47,14.59,45.37,0,0,0,0,80, 0

0,54.47,14.59,45.37,0,0,0,0,80, 0

0,53.61,17.47,45.92,0,0,0,0,80, 0

0,52.61,20.3,46.48,0,0,0,0,80, 0

0,51.45,23.06,47.03,0,0,0,0,80, 0

0,50.15,25.77,47.59,0,0,0,0,80, 0

0,48.71,28.4,48.14,0,0,0,0,80, 0

0,47.13,30.95,48.7,0,0,0,0,80, 0

0,45.42,33.41,49.26,0,0,0,0,80, 0

0,43.58,35.78,49.81,0,0,0,0,80, 0

0,41.62,38.05,50.37,0,0,0,0,80, 0

0,39.87,39.87,45.37,0,0,0,0,20, 4

END Horizontal Line

START Horizontal Line

0,39.87,39.87,45.37,0,0,0,0,80, 3

0,39.87,39.87,45.37,0,0,0,0,80, 0

0,39.87,39.87,45.37,0,0,0,0,80, 0

0,39.87,39.87,45.37,0,0,0,0,80, 0

0,37.69,41.94,45.92,0,0,0,0,80, 0

0,35.41,43.88,46.48,0,0,0,0,80, 0

0,33.03,45.7,47.03,0,0,0,0,80, 0

0,30.55,47.39,47.59,0,0,0,0,80, 0

0,27.99,48.95,48.14,0,0,0,0,80, 0

0,25.34,50.37,48.7,0,0,0,0,80, 0

0,22.63,51.65,49.26,0,0,0,0,80, 0

0,19.85,52.78,49.81,0,0,0,0,80, 0

0,17.02,53.76,50.37,0,0,0,0,80, 0

0,14.59,54.47,45.37,0,0,0,0,20, 4

END Horizontal Line

START Vertical Line

0,14.59,54.47,45.37,0,0,0,0, 20, 5

0,14.59,54.47,45.37,0,0,0,0,20, 1

0,14.59,54.47,45.37,0,0,0,0,20, 1

0,14.59,54.47,45.37,0,0,0,0,20, 1

0,14.48,54.05,48.33,0,0,0,0,20, 1

0,14.31,53.4,51.26,0,0,0,0,20, 1

0,14.08,52.55,54.12,0,0,0,0,20, 1

0,13.8,51.52,56.93,0,0,0,0,20, 1

0,13.49,50.33,59.66,0,0,0,0,20, 1

0,13.13,49.01,62.34,0,0,0,0,20, 1

0,12.75,47.58,64.94,0,0,0,0,20, 1

0,12.34,46.05,67.49,0,0,0,0,20, 1

0,11.91,44.44,69.99,0,0,0,0,20, 1

0,11.91,44.43,70,0,0,0,2,20, 6

END Vertical Line

0,11.91,44.43,70,0,0,0,0,200, 2

0,11.91,44.43,76,0,0,0,0,200, 2

0,42.53,32.53,76,0,0,0,0,200, 2

0,39.87,39.87,45.37,0,0,0,0,200, 2

START Vertical Line

0,39.87,39.87,45.37,0,0,0,0, 20, 5

0,39.87,39.87,45.37,0,0,0,0,20, 1

0,39.87,39.87,45.37,0,0,0,0,20, 1

0,39.87,39.87,45.37,0,0,0,0,20, 1

0,39.57,39.57,48.33,0,0,0,0,20, 1

0,39.09,39.09,51.26,0,0,0,0,20, 1

0,38.47,38.47,54.12,0,0,0,0,20, 1

0,37.71,37.71,56.93,0,0,0,0,20, 1

0,36.85,36.85,59.66,0,0,0,0,20, 1

0,35.88,35.88,62.34,0,0,0,0,20, 1

0,34.83,34.83,64.94,0,0,0,0,20, 1

0,33.71,33.71,67.49,0,0,0,0,20, 1

0,32.53,32.53,69.99,0,0,0,0,20, 1

0,32.53,32.53,70,0,0,0,2,20, 6

END Vertical Line

0,32.53,32.53,70,0,0,0,0,200, 2

0,32.53,32.53,76,0,0,0,0,200, 2

0,54.43,11.91,76,0,0,0,0,200, 2

0,54.47,14.59,45.37,0,0,0,0,200, 2

START Vertical Line

0,54.47,14.59,45.37,0,0,0,0, 20, 5

0,54.47,14.59,45.37,0,0,0,0,20, 1

0,54.47,14.59,45.37,0,0,0,0,20, 1

0,54.47,14.59,45.37,0,0,0,0,20, 1

0,54.05,14.48,48.33,0,0,0,0,20, 1

0,53.4,14.31,51.26,0,0,0,0,20, 1

0,52.55,14.08,54.12,0,0,0,0,20, 1

0,51.52,13.8,56.93,0,0,0,0,20, 1

0,50.33,13.49,59.66,0,0,0,0,20, 1

0,49.01,13.13,62.34,0,0,0,0,20, 1

0,47.58,12.75,64.94,0,0,0,0,20, 1

0,46.05,12.34,67.49,0,0,0,0,20, 1

0,44.44,11.91,69.99,0,0,0,0,20, 1

0,44.43,11.91,70,0,0,0,2,20, 6

END Vertical Line

0,44.43,11.91,70,0,0,0,0,200, 2

0,44.43,11.91,76,0,0,0,0,200, 2

0,54.43,-11.91,76,0,0,0,0,200, 2

0,54.47,-14.59,45.37,0,0,0,0,200, 2

START Vertical Line

0,54.47,-14.59,45.37,0,0,0,0, 20, 5

0,54.47,-14.59,45.37,0,0,0,0,20, 1

0,54.47,-14.59,45.37,0,0,0,0,20, 1

0,54.47,-14.59,45.37,0,0,0,0,20, 1

0,54.05,-14.48,48.33,0,0,0,0,20, 1

0,53.4,-14.31,51.26,0,0,0,0,20, 1

0,52.55,-14.08,54.12,0,0,0,0,20, 1

0,51.52,-13.8,56.93,0,0,0,0,20, 1

0,50.33,-13.49,59.66,0,0,0,0,20, 1

0,49.01,-13.13,62.34,0,0,0,0,20, 1

0,47.58,-12.75,64.94,0,0,0,0,20, 1

0,46.05,-12.34,67.49,0,0,0,0,20, 1

0,44.44,-11.91,69.99,0,0,0,0,20, 1

0,44.43,-11.91,70,0,0,0,2,20, 6

END Vertical Line

0,44.43,-11.91,70,0,0,0,0,200, 2

0,44.43,-11.91,76,0,0,0,0,200, 2

0,42.53,-32.53,76,0,0,0,0,200, 2

0,39.87,-39.87,45.37,0,0,0,0,200, 2

START Vertical Line

0,39.87,-39.87,45.37,0,0,0,0, 20, 5

0,39.87,-39.87,45.37,0,0,0,0,20, 1

0,39.87,-39.87,45.37,0,0,0,0,20, 1

0,39.87,-39.87,45.37,0,0,0,0,20, 1

0,39.57,-39.57,48.33,0,0,0,0,20, 1

0,39.09,-39.09,51.26,0,0,0,0,20, 1

0,38.47,-38.47,54.12,0,0,0,0,20, 1

0,37.71,-37.71,56.93,0,0,0,0,20, 1

0,36.85,-36.85,59.66,0,0,0,0,20, 1

0,35.88,-35.88,62.34,0,0,0,0,20, 1

0,34.83,-34.83,64.94,0,0,0,0,20, 1

0,33.71,-33.71,67.49,0,0,0,0,20, 1

0,32.53,-32.53,69.99,0,0,0,0,20, 1

0,32.53,-32.53,70,0,0,0,2,20, 6

END Vertical Line

0,32.53,-32.53,70,0,0,0,0,200, 2

0,32.53,-32.53,76,0,0,0,0,200, 2

0,21.91,-44.43,76,0,0,0,0,200, 2

0,14.59,-54.47,45.37,0,0,0,0,200, 2

START Vertical Line

0,14.59,-54.47,45.37,0,0,0,0, 20, 5

0,14.59,-54.47,45.37,0,0,0,0,20, 1

0,14.59,-54.47,45.37,0,0,0,0,20, 1

0,14.59,-54.47,45.37,0,0,0,0,20, 1

0,14.48,-54.05,48.33,0,0,0,0,20, 1

0,14.31,-53.4,51.26,0,0,0,0,20, 1

0,14.08,-52.55,54.12,0,0,0,0,20, 1

0,13.8,-51.52,56.93,0,0,0,0,20, 1

0,13.49,-50.33,59.66,0,0,0,0,20, 1

0,13.13,-49.01,62.34,0,0,0,0,20, 1

0,12.75,-47.58,64.94,0,0,0,0,20, 1

0,12.34,-46.05,67.49,0,0,0,0,20, 1

0,11.91,-44.44,69.99,0,0,0,0,20, 1

0,11.91,-44.43,70,0,0,0,2,20, 6

END Vertical Line

0,11.91,-44.43,73,0,0,0,0, 50, 10

0,11.91,-44.43,70,0,0,0,0, 50, 10

0,11.91,-44.43,70,0,0,0,0,80, 0

0,14.78,-43.56,70.62,0,0,0,0, 50, 10

0,17.58,-42.51,71.25,0,0,0,0, 50, 10

0,20.32,-41.27,71.87,0,0,0,0, 50, 10

0,22.96,-39.86,72.5,0,0,0,0, 50, 10

0,25.51,-38.28,73.12,0,0,0,0, 50, 10

0,27.95,-36.53,73.75,0,0,0,0, 50, 10

0,30.27,-34.63,74.37,0,0,0,0, 50, 10

0,32.47,-32.59,75,0,0,0,0, 50, 10

0,32.53,-32.53,70,0,0,0,0, 50, 10

START Horizontal Line

0,32.53,-32.53,70,0,0,0,0,80, 3

0,32.53,-32.53,70,0,0,0,0,80, 0

0,32.53,-32.53,70,0,0,0,0,80, 0

0,32.53,-32.53,70,0,0,0,0,80, 0

0,34.58,-30.34,70.62,0,0,0,0,80, 0

0,36.48,-28.02,71.25,0,0,0,0,80, 0

0,38.23,-25.58,71.87,0,0,0,0,80, 0

0,39.82,-23.04,72.5,0,0,0,0,80, 0

0,41.23,-20.39,73.12,0,0,0,0,80, 0

0,42.47,-17.66,73.75,0,0,0,0,80, 0

0,43.53,-14.86,74.37,0,0,0,0,80, 0

0,44.41,-11.99,75,0,0,0,0,80, 0

0,44.43,-11.91,70,0,0,0,0,20, 4

END Horizontal Line

START Horizontal Line

0,44.43,-11.91,70,0,0,0,0,80, 3

0,44.43,-11.91,70,0,0,0,0,80, 0

0,44.43,-11.91,70,0,0,0,0,80, 0

0,44.43,-11.91,70,0,0,0,0,80, 0

0,45.11,-8.98,70.62,0,0,0,0,80, 0

0,45.6,-6.03,71.25,0,0,0,0,80, 0

0,45.9,-3.04,71.87,0,0,0,0,80, 0

0,46,-0.04,72.5,0,0,0,0,80, 0

0,45.9,2.96,73.12,0,0,0,0,80, 0

0,45.61,5.94,73.75,0,0,0,0,80, 0

0,45.13,8.9,74.37,0,0,0,0,80, 0

0,44.45,11.82,75,0,0,0,0,80, 0

0,44.43,11.91,70,0,0,0,0,20, 4

END Horizontal Line

START Horizontal Line

0,44.43,11.91,70,0,0,0,0,80, 3

0,44.43,11.91,70,0,0,0,0,80, 0

0,44.43,11.91,70,0,0,0,0,80, 0

0,44.43,11.91,70,0,0,0,0,80, 0

0,43.56,14.78,70.62,0,0,0,0,80, 0

0,42.51,17.58,71.25,0,0,0,0,80, 0

0,41.27,20.32,71.87,0,0,0,0,80, 0

0,39.86,22.96,72.5,0,0,0,0,80, 0

0,38.28,25.51,73.12,0,0,0,0,80, 0

0,36.53,27.95,73.75,0,0,0,0,80, 0

0,34.63,30.27,74.37,0,0,0,0,80, 0

0,32.59,32.47,75,0,0,0,0,80, 0

0,32.53,32.53,70,0,0,0,0,20, 4

END Horizontal Line

START Horizontal Line

0,32.53,32.53,70,0,0,0,0,80, 3

0,32.53,32.53,70,0,0,0,0,80, 0

0,32.53,32.53,70,0,0,0,0,80, 0

0,32.53,32.53,70,0,0,0,0,80, 0

0,30.34,34.58,70.62,0,0,0,0,80, 0

0,28.02,36.48,71.25,0,0,0,0,80, 0

0,25.58,38.23,71.87,0,0,0,0,80, 0

0,23.04,39.82,72.5,0,0,0,0,80, 0

0,20.39,41.23,73.12,0,0,0,0,80, 0

0,17.66,42.47,73.75,0,0,0,0,80, 0

0,14.86,43.53,74.37,0,0,0,0,80, 0

0,11.99,44.41,75,0,0,0,0,80, 0

0,11.91,44.43,70,0,0,0,0,20, 4

END Horizontal Line

17

0,38.55,-39.55,150,-57.0359,82.8495,122.7602,0, 80, 9

0,107.67,-49.72,38.39,-57.0359,82.8495,122.7602,0, 80, 9

0,38.06,-44.5,35,-57.0359,82.8495,122.7602,0, 80, 9

0,38.55,-39.55,35.48,-57.0359,82.8495,122.7602,0, 80, 9

0,38.55,-39.55,35.48,-57.0359,82.8495,122.7602,0, 80, 9

0,38.55,-39.55,35.48,-57.0359,82.8495,122.7602,0,80, 8

0,38.55,-39.55,35.48,-57.0359,82.8495,122.7602,0,80, 8

0,38.55,-39.55,35.48,-57.0359,82.8495,122.7602,0,80, 8

0,38.55,-39.55,35.48,-57.0359,82.8495,122.7602,0,80, 8

0,40.61,-37.37,35.48,-57.0359,82.8495,122.7602,0,80, 8

0,42.56,-35.09,35.48,-57.0359,82.8495,122.7602,0,80, 8

0,44.37,-32.7,35.48,-57.0359,82.8495,122.7602,0,80, 8

0,46.06,-30.22,35.48,-57.0359,82.8495,122.7602,0,80, 8

0,47.61,-27.65,35.48,-57.0359,82.8495,122.7602,0,80, 8

0,49.03,-25.01,35.48,-57.0359,82.8495,122.7602,0,80, 8

0,50.3,-22.29,35.48,-57.0359,82.8495,122.7602,0,80, 8

0,51.42,-19.51,35.48,-57.0359,82.8495,122.7602,0,80, 8

0,52.39,-16.67,35.48,-57.0359,82.8495,122.7602,0,80, 8

0,53.02,-14.48,35.48,-57.0359,82.8495,122.7602,0,80, 8

0,53.02,-14.48,35.48,-57.0359,82.8495,122.7602,0,200, 2

0,108.91,-20.36,39.29,-57.0359,82.8495,122.7602,0,200, 2

0,114.74,-19.24,27.81,-57.0359,82.8495,122.7602,0,200, 2

0,48.86,-13.36,23.99,-57.0359,82.8495,122.7602,0,200, 2

0,48.86,-13.36,23.99,-57.0359,82.8495,122.7602,0,80, 8

0,48.86,-13.36,23.99,-57.0359,82.8495,122.7602,0,80, 8

0,48.86,-13.36,23.99,-57.0359,82.8495,122.7602,0,80, 8

0,48.86,-13.36,23.99,-57.0359,82.8495,122.7602,0,80, 8

0,49.55,-10.44,23.99,-57.0359,82.8495,122.7602,0,80, 8

0,50.07,-7.49,23.99,-57.0359,82.8495,122.7602,0,80, 8

0,50.42,-4.51,23.99,-57.0359,82.8495,122.7602,0,80, 8

0,50.6,-1.51,23.99,-57.0359,82.8495,122.7602,0,80, 8

0,50.6,1.49,23.99,-57.0359,82.8495,122.7602,0,80, 8

0,50.42,4.48,23.99,-57.0359,82.8495,122.7602,0,80, 8

0,50.08,7.46,23.99,-57.0359,82.8495,122.7602,0,80, 8

0,49.56,10.41,23.99,-57.0359,82.8495,122.7602,0,80, 8

0,48.87,13.33,23.99,-57.0359,82.8495,122.7602,0,80, 8

0,48.86,13.36,23.99,-57.0359,82.8495,122.7602,0,80, 8

0,48.86,13.36,23.99,-57.0359,82.8495,122.7602,0,200, 2

0,112.5,6.66,28.34,-57.0359,82.8495,122.7602,0,200, 2

0,127.28,7.94,46.08,-57.0359,82.8495,122.7602,0,200, 2

0,53.64,14.64,41.73,-57.0359,82.8495,122.7602,0,200, 2

0,53.64,14.64,41.73,-57.0359,82.8495,122.7602,0,80, 8

0,53.64,14.64,41.73,-57.0359,82.8495,122.7602,0,80, 8

0,53.64,14.64,41.73,-57.0359,82.8495,122.7602,0,80, 8

0,53.64,14.64,41.73,-57.0359,82.8495,122.7602,0,80, 8

0,52.78,17.52,41.73,-57.0359,82.8495,122.7602,0,80, 8

0,51.78,20.34,41.73,-57.0359,82.8495,122.7602,0,80, 8

0,50.63,23.11,41.73,-57.0359,82.8495,122.7602,0,80, 8

0,49.33,25.82,41.73,-57.0359,82.8495,122.7602,0,80, 8

0,47.89,28.45,41.73,-57.0359,82.8495,122.7602,0,80, 8

0,46.31,31,41.73,-57.0359,82.8495,122.7602,0,80, 8

0,44.6,33.46,41.73,-57.0359,82.8495,122.7602,0,80, 8

0,42.77,35.83,41.73,-57.0359,82.8495,122.7602,0,80, 8

0,40.8,38.1,41.73,-57.0359,82.8495,122.7602,0,80, 8

0,39,40,41.73,-57.0359,82.8495,122.7602,0,80, 8

0,39,40,41.73,-57.0359,82.8495,122.7602,0,200, 2

0,113.92,32.11,46.85,-57.0359,82.8495,122.7602,0,200, 2

0,120.75,-44.72,64.83,-57.0359,82.8495,122.7602,0,200, 2

0,35.83,-36.83,59.71,-57.0359,82.8495,122.7602,0,200, 2

0,35.83,-36.83,59.71,-57.0359,82.8495,122.7602,0,80, 8

0,35.83,-36.83,59.71,-57.0359,82.8495,122.7602,0,80, 8

0,35.83,-36.83,59.71,-57.0359,82.8495,122.7602,0,80, 8

0,35.83,-36.83,59.71,-57.0359,82.8495,122.7602,0,80, 8

0,37.89,-34.65,59.71,-57.0359,82.8495,122.7602,0,80, 8

0,39.82,-32.35,59.71,-57.0359,82.8495,122.7602,0,80, 8

0,41.61,-29.95,59.71,-57.0359,82.8495,122.7602,0,80, 8

0,43.27,-27.45,59.71,-57.0359,82.8495,122.7602,0,80, 8

0,44.77,-24.85,59.71,-57.0359,82.8495,122.7602,0,80, 8

0,46.13,-22.18,59.71,-57.0359,82.8495,122.7602,0,80, 8

0,47.33,-19.43,59.71,-57.0359,82.8495,122.7602,0,80, 8

0,48.36,-16.61,59.71,-57.0359,82.8495,122.7602,0,80, 8

0,49.24,-13.74,59.71,-57.0359,82.8495,122.7602,0,80, 8

0,49.31,-13.48,59.71,-57.0359,82.8495,122.7602,0,80, 8

0,49.31,-13.48,59.71,-57.0359,82.8495,122.7602,0,200, 2

0,107.33,-19.59,63.67,-57.0359,82.8495,122.7602,0,200, 2

0,115.41,-19.07,67.46,-57.0359,82.8495,122.7602,0,200, 2

0,47.39,-12.97,63.5,-57.0359,82.8495,122.7602,0,200, 2

0,47.39,-12.97,63.5,-57.0359,82.8495,122.7602,0,80, 8

0,47.39,-12.97,63.5,-57.0359,82.8495,122.7602,0,80, 8

0,47.39,-12.97,63.5,-57.0359,82.8495,122.7602,0,80, 8

0,47.39,-12.97,63.5,-57.0359,82.8495,122.7602,0,80, 8

0,48.08,-10.05,63.5,-57.0359,82.8495,122.7602,0,80, 8

0,48.59,-7.09,63.5,-57.0359,82.8495,122.7602,0,80, 8

0,48.93,-4.11,63.5,-57.0359,82.8495,122.7602,0,80, 8

0,49.09,-1.12,63.5,-57.0359,82.8495,122.7602,0,80, 8

0,49.06,1.88,63.5,-57.0359,82.8495,122.7602,0,80, 8

0,48.86,4.88,63.5,-57.0359,82.8495,122.7602,0,80, 8

0,48.48,7.85,63.5,-57.0359,82.8495,122.7602,0,80, 8

0,47.92,10.8,63.5,-57.0359,82.8495,122.7602,0,80, 8

0,47.39,12.97,63.5,-57.0359,82.8495,122.7602,0,80, 8

0,47.39,12.97,63.5,-57.0359,82.8495,122.7602,0,200, 2

0,109.78,6.4,67.76,-57.0359,82.8495,122.7602,0,200, 2

0,124.77,12.14,45.99,-57.0359,82.8495,122.7602,0,200, 2

0,52.38,18.7,41.73,-57.0359,82.8495,122.7602,0,200, 2

START Horizontal Line

0,52.38,18.7,41.73,-57.0359,82.8495,122.7602,0,80, 3

0,52.38,18.7,41.73,-57.0359,82.8495,122.7602,0,80, 0

0,52.38,18.7,41.73,-57.0359,82.8495,122.7602,0,80, 0

0,52.38,18.7,41.73,-57.0359,82.8495,122.7602,0,80, 0

0,52.12,19.09,44.69,-57.0359,82.8495,122.7602,0,80, 0

0,51.73,19.06,47.66,-57.0359,82.8495,122.7602,0,80, 0

0,51.25,18.57,50.58,-57.0359,82.8495,122.7602,0,80, 0

0,50.72,17.65,53.38,-57.0359,82.8495,122.7602,0,80, 0

0,50.17,16.3,56,-57.0359,82.8495,122.7602,0,80, 0

0,49.65,14.57,58.39,-57.0359,82.8495,122.7602,0,80, 0

0,49.17,12.49,60.5,-57.0359,82.8495,122.7602,0,80, 0

0,48.76,10.12,62.28,-57.0359,82.8495,122.7602,0,80, 0

0,48.47,7.95,63.5,-57.0359,82.8495,122.7602,0,20, 4

END Horizontal Line

START Horizontal Line

0,48.47,7.95,63.5,-57.0359,82.8495,122.7602,0,80, 3

0,48.47,7.95,63.5,-57.0359,82.8495,122.7602,0,80, 0

0,48.47,7.95,63.5,-57.0359,82.8495,122.7602,0,80, 0

0,48.47,7.95,63.5,-57.0359,82.8495,122.7602,0,80, 0

0,48.18,5.18,64.62,-57.0359,82.8495,122.7602,0,80, 0

0,47.97,2.28,65.34,-57.0359,82.8495,122.7602,0,80, 0

0,47.82,-0.7,65.66,-57.0359,82.8495,122.7602,0,80, 0

0,47.74,-3.7,65.58,-57.0359,82.8495,122.7602,0,80, 0

0,47.72,-6.65,65.09,-57.0359,82.8495,122.7602,0,80, 0

0,47.78,-9.52,64.2,-57.0359,82.8495,122.7602,0,80, 0

0,47.9,-12.23,62.94,-57.0359,82.8495,122.7602,0,80, 0

0,48.12,-14.75,61.32,-57.0359,82.8495,122.7602,0,80, 0

0,48.36,-16.66,59.72,-57.0359,82.8495,122.7602,0,20, 4

END Horizontal Line

START Horizontal Line

0,48.36,-16.66,59.72,-57.0359,82.8495,122.7602,0,80, 3

0,48.36,-16.66,59.72,-57.0359,82.8495,122.7602,0,80, 0

0,48.36,-16.66,59.72,-57.0359,82.8495,122.7602,0,80, 0

0,48.36,-16.66,59.72,-57.0359,82.8495,122.7602,0,80, 0

0,48.72,-18.66,57.52,-57.0359,82.8495,122.7602,0,80, 0

0,49.12,-20.32,55.06,-57.0359,82.8495,122.7602,0,80, 0

0,49.55,-21.6,52.38,-57.0359,82.8495,122.7602,0,80, 0

0,49.98,-22.46,49.54,-57.0359,82.8495,122.7602,0,80, 0

0,50.36,-22.89,46.6,-57.0359,82.8495,122.7602,0,80, 0

0,50.66,-22.88,43.62,-57.0359,82.8495,122.7602,0,80, 0

0,50.87,-22.45,40.66,-57.0359,82.8495,122.7602,0,80, 0

0,50.98,-21.62,37.78,-57.0359,82.8495,122.7602,0,80, 0

0,50.99,-20.63,35.48,-57.0359,82.8495,122.7602,0,20, 4

END Horizontal Line

START Horizontal Line

0,50.99,-20.63,35.48,-57.0359,82.8495,122.7602,0,80, 3

0,50.99,-20.63,35.48,-57.0359,82.8495,122.7602,0,80, 0

0,50.99,-20.63,35.48,-57.0359,82.8495,122.7602,0,80, 0

0,50.99,-20.63,35.48,-57.0359,82.8495,122.7602,0,80, 0

0,50.9,-19.12,32.89,-57.0359,82.8495,122.7602,0,80, 0

0,50.76,-17.29,30.52,-57.0359,82.8495,122.7602,0,80, 0

0,50.59,-15.15,28.43,-57.0359,82.8495,122.7602,0,80, 0

0,50.43,-12.74,26.65,-57.0359,82.8495,122.7602,0,80, 0

0,50.31,-10.09,25.26,-57.0359,82.8495,122.7602,0,80, 0

0,50.26,-7.26,24.28,-57.0359,82.8495,122.7602,0,80, 0

0,50.3,-4.31,23.75,-57.0359,82.8495,122.7602,0,80, 0

0,50.45,-1.31,23.68,-57.0359,82.8495,122.7602,0,80, 0

0,50.63,1.17,23.98,-57.0359,82.8495,122.7602,0,20, 4

END Horizontal Line

START Horizontal Line

0,50.63,1.17,23.98,-57.0359,82.8495,122.7602,0,80, 3

0,50.63,1.17,23.98,-57.0359,82.8495,122.7602,0,80, 0

0,50.63,1.17,23.98,-57.0359,82.8495,122.7602,0,80, 0

0,50.63,1.17,23.98,-57.0359,82.8495,122.7602,0,80, 0

0,50.91,4.05,24.75,-57.0359,82.8495,122.7602,0,80, 0

0,51.23,6.79,25.93,-57.0359,82.8495,122.7602,0,80, 0

0,51.56,9.34,27.47,-57.0359,82.8495,122.7602,0,80, 0

0,51.87,11.65,29.35,-57.0359,82.8495,122.7602,0,80, 0

0,52.16,13.71,31.51,-57.0359,82.8495,122.7602,0,80, 0

0,52.38,15.49,33.91,-57.0359,82.8495,122.7602,0,80, 0

0,52.5,16.95,36.53,-57.0359,82.8495,122.7602,0,80, 0

0,52.49,18.06,39.31,-57.0359,82.8495,122.7602,0,80, 0

0,52.38,18.7,41.73,-57.0359,82.8495,122.7602,0,20, 4

END Horizontal Line

START Vertical Line

0,52.38,18.7,41.73,-57.0359,82.8495,122.7602,0, 20, 5

0,52.38,18.7,41.73,-57.0359,82.8495,122.7602,0,20, 1

0,52.38,18.7,41.73,-57.0359,82.8495,122.7602,0,20, 1

0,52.38,18.7,41.73,-57.0359,82.8495,122.7602,0,20, 1

0,55.01,18.44,43.16,-57.0359,82.8495,122.7602,0,20, 1

0,56.82,18.26,44.14,-57.0359,82.8495,122.7602,2,20, 6

END Vertical Line

0,56.82,18.26,44.14,-57.0359,82.8495,122.7602,0,200, 2

0,111.78,12.48,47.89,-57.0359,82.8495,122.7602,0,200, 2

0,124.83,-3.3,32.34,-57.0359,82.8495,122.7602,0,200, 2

0,50.62,1.17,24,-57.0359,82.8495,122.7602,0,200, 2

START Vertical Line

0,50.62,1.17,24,-57.0359,82.8495,122.7602,0, 20, 5

0,50.62,1.17,24,-57.0359,82.8495,122.7602,0,20, 1

0,50.62,1.17,24,-57.0359,82.8495,122.7602,0,20, 1

0,50.62,1.17,24,-57.0359,82.8495,122.7602,0,20, 1

0,53.29,1.54,25.32,-57.0359,82.8495,122.7602,0,20, 1

0,55.95,1.92,26.64,-57.0359,82.8495,122.7602,0,20, 1

0,58.62,2.3,27.97,-57.0359,82.8495,122.7602,0,20, 1

0,59.87,2.48,28.59,-57.0359,82.8495,122.7602,2,20, 6

END Vertical Line

0,59.87,2.48,28.59,-57.0359,82.8495,122.7602,0,200, 2

0,111.23,-2.92,32.1,-57.0359,82.8495,122.7602,0,200, 2

0,121.57,-24.09,41.53,-57.0359,82.8495,122.7602,0,200, 2

0,50.99,-20.63,35.48,-57.0359,82.8495,122.7602,0,200, 2

START Vertical Line

0,50.99,-20.63,35.48,-57.0359,82.8495,122.7602,0, 20, 5

0,50.99,-20.63,35.48,-57.0359,82.8495,122.7602,0,20, 1

0,50.99,-20.63,35.48,-57.0359,82.8495,122.7602,0,20, 1

0,50.99,-20.63,35.48,-57.0359,82.8495,122.7602,0,20, 1

0,53.82,-20.03,36.26,-57.0359,82.8495,122.7602,0,20, 1

0,56.66,-19.43,37.04,-57.0359,82.8495,122.7602,0,20, 1

0,59.49,-18.83,37.82,-57.0359,82.8495,122.7602,0,20, 1

0,60.21,-18.68,38.02,-57.0359,82.8495,122.7602,2,20, 6

END Vertical Line

0,60.21,-18.68,38.02,-57.0359,82.8495,122.7602,0,200, 2

0,108.41,-23.76,41.31,-57.0359,82.8495,122.7602,0,200, 2

0,115.44,-21.55,64.05,-57.0359,82.8495,122.7602,0,200, 2

0,48.36,-16.65,59.72,-57.0359,82.8495,122.7602,0,200, 2

START Vertical Line

0,48.36,-16.65,59.72,-57.0359,82.8495,122.7602,0, 20, 5

0,48.36,-16.65,59.72,-57.0359,82.8495,122.7602,0,20, 1

0,48.36,-16.65,59.72,-57.0359,82.8495,122.7602,0,20, 1

0,48.36,-16.65,59.72,-57.0359,82.8495,122.7602,0,20, 1

0,51.34,-16.6,60.07,-57.0359,82.8495,122.7602,0,20, 1

0,54.32,-16.54,60.41,-57.0359,82.8495,122.7602,0,20, 1

0,57.24,-16.48,60.76,-57.0359,82.8495,122.7602,2,20, 6

END Vertical Line

0,57.24,-16.48,60.76,-57.0359,82.8495,122.7602,0,200, 2

0,107.07,-21.72,64.16,-57.0359,82.8495,122.7602,0,200, 2

0,114.87,1.24,68.73,-57.0359,82.8495,122.7602,0,200, 2

0,48.47,7.95,63.5,-57.0359,82.8495,122.7602,0,200, 2

START Vertical Line

0,48.47,7.95,63.5,-57.0359,82.8495,122.7602,0, 20, 5

0,48.47,7.95,63.5,-57.0359,82.8495,122.7602,0,20, 1

0,48.47,7.95,63.5,-57.0359,82.8495,122.7602,0,20, 1

0,48.47,7.95,63.5,-57.0359,82.8495,122.7602,0,20, 1

0,51.29,7.32,64.29,-57.0359,82.8495,122.7602,0,20, 1

0,54.12,6.69,65.08,-57.0359,82.8495,122.7602,0,20, 1

0,55.04,6.49,65.33,-57.0359,82.8495,122.7602,2,20, 6

END Vertical Line

0,55.04,6.49,65.33,-57.0359,82.8495,122.7602,0,200, 2

0,109.11,0.8,69.02,-57.0359,82.8495,122.7602,0,200, 2

0,120.89,12.57,47.83,-57.0359,82.8495,122.7602,0,200, 2

0,56.82,18.26,44.14,-57.0359,82.8495,122.7602,0,200, 2

0,59.8,17.95,44.34,-57.0359,82.8495,122.7602,0, 50, 10

0,56.82,18.26,44.14,-57.0359,82.8495,122.7602,0, 50, 10

0,56.82,18.26,44.14,-57.0359,82.8495,122.7602,0,80, 0

0,57.06,18.47,47.14,-57.0359,82.8495,122.7602,0, 50, 10

0,57.33,18.21,50.15,-57.0359,82.8495,122.7602,0, 50, 10

0,57.63,17.49,53.1,-57.0359,82.8495,122.7602,0, 50, 10

0,57.99,16.32,55.92,-57.0359,82.8495,122.7602,0, 50, 10

0,58.4,14.73,58.54,-57.0359,82.8495,122.7602,0, 50, 10

0,58.86,12.78,60.9,-57.0359,82.8495,122.7602,0, 50, 10

0,59.39,10.5,62.96,-57.0359,82.8495,122.7602,0, 50, 10

0,59.98,7.95,64.68,-57.0359,82.8495,122.7602,0, 50, 10

0,55.04,6.49,65.33,-57.0359,82.8495,122.7602,0, 50, 10

START Horizontal Line

0,55.04,6.49,65.33,-57.0359,82.8495,122.7602,0,80, 3

0,55.04,6.49,65.33,-57.0359,82.8495,122.7602,0,80, 0

0,55.04,6.49,65.33,-57.0359,82.8495,122.7602,0,80, 0

0,55.04,6.49,65.33,-57.0359,82.8495,122.7602,0,80, 0

0,55.74,3.6,66.37,-57.0359,82.8495,122.7602,0,80, 0

0,56.49,0.6,66.99,-57.0359,82.8495,122.7602,0,80, 0

0,57.31,-2.46,67.19,-57.0359,82.8495,122.7602,0,80, 0

0,58.17,-5.5,66.95,-57.0359,82.8495,122.7602,0,80, 0

0,59.09,-8.46,66.28,-57.0359,82.8495,122.7602,0,80, 0

0,60.04,-11.28,65.19,-57.0359,82.8495,122.7602,0,80, 0

0,61.03,-13.9,63.71,-57.0359,82.8495,122.7602,0,80, 0

0,62.05,-16.25,61.86,-57.0359,82.8495,122.7602,0,80, 0

0,57.24,-16.48,60.76,-57.0359,82.8495,122.7602,0,20, 4

END Horizontal Line

START Horizontal Line

0,57.24,-16.48,60.76,-57.0359,82.8495,122.7602,0,80, 3

0,57.24,-16.48,60.76,-57.0359,82.8495,122.7602,0,80, 0

0,57.24,-16.48,60.76,-57.0359,82.8495,122.7602,0,80, 0

0,57.24,-16.48,60.76,-57.0359,82.8495,122.7602,0,80, 0

0,58.28,-18.39,58.47,-57.0359,82.8495,122.7602,0,80, 0

0,59.32,-19.91,55.93,-57.0359,82.8495,122.7602,0,80, 0

0,60.36,-21,53.19,-57.0359,82.8495,122.7602,0,80, 0

0,61.38,-21.64,50.31,-57.0359,82.8495,122.7602,0,80, 0

0,62.38,-21.81,47.39,-57.0359,82.8495,122.7602,0,80, 0

0,63.34,-21.51,44.47,-57.0359,82.8495,122.7602,0,80, 0

0,64.25,-20.76,41.65,-57.0359,82.8495,122.7602,0,80, 0

0,65.12,-19.57,38.98,-57.0359,82.8495,122.7602,0,80, 0

0,60.21,-18.68,38.02,-57.0359,82.8495,122.7602,0,20, 4

END Horizontal Line

START Horizontal Line

0,60.21,-18.68,38.02,-57.0359,82.8495,122.7602,0,80, 3

0,60.21,-18.68,38.02,-57.0359,82.8495,122.7602,0,80, 0

0,60.21,-18.68,38.02,-57.0359,82.8495,122.7602,0,80, 0

0,60.21,-18.68,38.02,-57.0359,82.8495,122.7602,0,80, 0

0,61.01,-17,35.63,-57.0359,82.8495,122.7602,0,80, 0

0,61.74,-14.98,33.53,-57.0359,82.8495,122.7602,0,80, 0

0,62.42,-12.66,31.76,-57.0359,82.8495,122.7602,0,80, 0

0,63.03,-10.1,30.35,-57.0359,82.8495,122.7602,0,80, 0

0,63.58,-7.36,29.33,-57.0359,82.8495,122.7602,0,80, 0

0,64.08,-4.5,28.74,-57.0359,82.8495,122.7602,0,80, 0

0,64.51,-1.59,28.56,-57.0359,82.8495,122.7602,0,80, 0

0,64.89,1.33,28.83,-57.0359,82.8495,122.7602,0,80, 0

0,59.87,2.48,28.59,-57.0359,82.8495,122.7602,0,20, 4

END Horizontal Line

START Horizontal Line

0,59.87,2.48,28.59,-57.0359,82.8495,122.7602,0,80, 3

0,59.87,2.48,28.59,-57.0359,82.8495,122.7602,0,80, 0

0,59.87,2.48,28.59,-57.0359,82.8495,122.7602,0,80, 0

0,59.87,2.48,28.59,-57.0359,82.8495,122.7602,0,80, 0

0,60.28,5.3,29.38,-57.0359,82.8495,122.7602,0,80, 0

0,60.65,7.97,30.58,-57.0359,82.8495,122.7602,0,80, 0

0,60.99,10.43,32.19,-57.0359,82.8495,122.7602,0,80, 0

0,61.3,12.62,34.15,-57.0359,82.8495,122.7602,0,80, 0

0,61.59,14.49,36.44,-57.0359,82.8495,122.7602,0,80, 0

0,61.88,15.99,39.01,-57.0359,82.8495,122.7602,0,80, 0

0,62.17,17.07,41.79,-57.0359,82.8495,122.7602,0,80, 0

0,56.82,18.26,44.14,-57.0359,82.8495,122.7602,0,20, 4

END Horizontal Line

START Vertical Line

0,56.82,18.26,44.14,-57.0359,82.8495,122.7602,0, 20, 5

0,56.82,18.26,44.14,-57.0359,82.8495,122.7602,0,20, 1

0,56.82,18.26,44.14,-57.0359,82.8495,122.7602,0,20, 1

0,56.82,18.26,44.14,-57.0359,82.8495,122.7602,0,20, 1

0,59.45,18.01,45.57,-57.0359,82.8495,122.7602,0,20, 1

0,62.08,17.75,46.99,-57.0359,82.8495,122.7602,0,20, 1

0,64.71,17.49,48.41,-57.0359,82.8495,122.7602,0,20, 1

0,67.33,17.23,49.84,-57.0359,82.8495,122.7602,0,20, 1

0,69.96,16.97,51.26,-57.0359,82.8495,122.7602,0,20, 1

0,72.59,16.71,52.69,-57.0359,82.8495,122.7602,0,20, 1

0,75.22,16.45,54.11,-57.0359,82.8495,122.7602,0,20, 1

0,75.53,16.42,54.28,-57.0359,82.8495,122.7602,2,20, 6

END Vertical Line

0,75.53,16.42,54.28,-57.0359,82.8495,122.7602,0,200, 2

0,111.2,12.67,56.72,-57.0359,82.8495,122.7602,0,200, 2

0,126.97,1.78,41.66,-57.0359,82.8495,122.7602,0,200, 2

0,59.87,2.48,28.59,-57.0359,82.8495,122.7602,0,200, 2

START Vertical Line

0,59.87,2.48,28.59,-57.0359,82.8495,122.7602,0, 20, 5

0,59.87,2.48,28.59,-57.0359,82.8495,122.7602,0,20, 1

0,59.87,2.48,28.59,-57.0359,82.8495,122.7602,0,20, 1

0,59.87,2.48,28.59,-57.0359,82.8495,122.7602,0,20, 1

0,62.54,2.86,29.91,-57.0359,82.8495,122.7602,0,20, 1

0,65.2,3.24,31.24,-57.0359,82.8495,122.7602,0,20, 1

0,67.87,3.62,32.56,-57.0359,82.8495,122.7602,0,20, 1

0,70.53,4,33.88,-57.0359,82.8495,122.7602,0,20, 1

0,73.2,4.38,35.21,-57.0359,82.8495,122.7602,0,20, 1

0,75.87,4.76,36.53,-57.0359,82.8495,122.7602,0,20, 1

0,78.53,5.14,37.85,-57.0359,82.8495,122.7602,0,20, 1

0,81.2,5.52,39.18,-57.0359,82.8495,122.7602,0,20, 1

0,81.3,5.53,39.23,-57.0359,82.8495,122.7602,2,20, 6

END Vertical Line

0,81.3,5.53,39.23,-57.0359,82.8495,122.7602,0,200, 2

0,111.17,2.39,41.27,-57.0359,82.8495,122.7602,0,200, 2

0,121.49,-17.31,45.97,-57.0359,82.8495,122.7602,0,200, 2

0,60.21,-18.68,38.02,-57.0359,82.8495,122.7602,0,200, 2

START Vertical Line

0,60.21,-18.68,38.02,-57.0359,82.8495,122.7602,0, 20, 5

0,60.21,-18.68,38.02,-57.0359,82.8495,122.7602,0,20, 1

0,60.21,-18.68,38.02,-57.0359,82.8495,122.7602,0,20, 1

0,60.21,-18.68,38.02,-57.0359,82.8495,122.7602,0,20, 1

0,63.04,-18.09,38.8,-57.0359,82.8495,122.7602,0,20, 1

0,65.88,-17.49,39.59,-57.0359,82.8495,122.7602,0,20, 1

0,68.71,-16.89,40.37,-57.0359,82.8495,122.7602,0,20, 1

0,71.55,-16.29,41.15,-57.0359,82.8495,122.7602,0,20, 1

0,74.38,-15.7,41.93,-57.0359,82.8495,122.7602,0,20, 1

0,77.21,-15.1,42.71,-57.0359,82.8495,122.7602,0,20, 1

0,80.05,-14.5,43.5,-57.0359,82.8495,122.7602,0,20, 1

0,81.62,-14.17,43.93,-57.0359,82.8495,122.7602,2,20, 6

END Vertical Line

0,81.62,-14.17,43.93,-57.0359,82.8495,122.7602,0,200, 2

0,108.82,-17.03,45.79,-57.0359,82.8495,122.7602,0,200, 2

0,112.97,-18.98,64.78,-57.0359,82.8495,122.7602,0,200, 2

0,57.24,-16.48,60.76,-57.0359,82.8495,122.7602,0,200, 2

START Vertical Line

0,57.24,-16.48,60.76,-57.0359,82.8495,122.7602,0, 20, 5

0,57.24,-16.48,60.76,-57.0359,82.8495,122.7602,0,20, 1

0,57.24,-16.48,60.76,-57.0359,82.8495,122.7602,0,20, 1

0,57.24,-16.48,60.76,-57.0359,82.8495,122.7602,0,20, 1

0,60.22,-16.42,61.11,-57.0359,82.8495,122.7602,0,20, 1

0,63.2,-16.36,61.45,-57.0359,82.8495,122.7602,0,20, 1

0,66.17,-16.3,61.8,-57.0359,82.8495,122.7602,0,20, 1

0,69.15,-16.25,62.15,-57.0359,82.8495,122.7602,0,20, 1

0,72.13,-16.19,62.5,-57.0359,82.8495,122.7602,0,20, 1

0,75.11,-16.13,62.85,-57.0359,82.8495,122.7602,0,20, 1

0,75.77,-16.12,62.93,-57.0359,82.8495,122.7602,2,20, 6

END Vertical Line

0,75.77,-16.12,62.93,-57.0359,82.8495,122.7602,0,200, 2

0,107.25,-19.43,65.08,-57.0359,82.8495,122.7602,0,200, 2

0,113.27,-0.54,72.15,-57.0359,82.8495,122.7602,0,200, 2

0,55.04,6.49,65.33,-57.0359,82.8495,122.7602,0,200, 2

START Vertical Line

0,55.04,6.49,65.33,-57.0359,82.8495,122.7602,0, 20, 5

0,55.04,6.49,65.33,-57.0359,82.8495,122.7602,0,20, 1

0,55.04,6.49,65.33,-57.0359,82.8495,122.7602,0,20, 1

0,55.04,6.49,65.33,-57.0359,82.8495,122.7602,0,20, 1

0,57.86,5.86,66.12,-57.0359,82.8495,122.7602,0,20, 1

0,60.69,5.24,66.9,-57.0359,82.8495,122.7602,0,20, 1

0,63.52,4.61,67.69,-57.0359,82.8495,122.7602,0,20, 1

0,66.34,3.98,68.48,-57.0359,82.8495,122.7602,0,20, 1

0,69.17,3.35,69.27,-57.0359,82.8495,122.7602,0,20, 1

0,71.8,2.77,70,-57.0359,82.8495,122.7602,2,20, 6

END Vertical Line

0,71.8,2.77,70,-57.0359,82.8495,122.7602,0,200, 2

0,108.67,-1.11,72.51,-57.0359,82.8495,122.7602,0,200, 2

0,122.4,12.54,56.8,-57.0359,82.8495,122.7602,0,200, 2

0,75.53,16.42,54.28,-57.0359,82.8495,122.7602,0,200, 2

0,78.5,16.11,54.48,-57.0359,82.8495,122.7602,0, 50, 10

0,75.53,16.42,54.28,-57.0359,82.8495,122.7602,0, 50, 10

0,75.53,16.42,54.28,-57.0359,82.8495,122.7602,0,80, 0

0,75.36,16.01,57.18,-57.0359,82.8495,122.7602,0, 50, 10

0,75.28,15.06,59.98,-57.0359,82.8495,122.7602,0, 50, 10

0,75.3,13.61,62.6,-57.0359,82.8495,122.7602,0, 50, 10

0,75.44,11.71,64.95,-57.0359,82.8495,122.7602,0, 50, 10

0,75.73,9.42,66.98,-57.0359,82.8495,122.7602,0, 50, 10

0,76.16,6.82,68.62,-57.0359,82.8495,122.7602,0, 50, 10

0,76.75,3.99,69.84,-57.0359,82.8495,122.7602,0, 50, 10

0,71.8,2.77,70,-57.0359,82.8495,122.7602,0, 50, 10

START Horizontal Line

0,71.8,2.77,70,-57.0359,82.8495,122.7602,0,80, 3

0,71.8,2.77,70,-57.0359,82.8495,122.7602,0,80, 0

0,71.8,2.77,70,-57.0359,82.8495,122.7602,0,80, 0

0,71.8,2.77,70,-57.0359,82.8495,122.7602,0,80, 0

0,72.64,-0.26,70.49,-57.0359,82.8495,122.7602,0,80, 0

0,73.63,-3.32,70.51,-57.0359,82.8495,122.7602,0,80, 0

0,74.76,-6.32,70.06,-57.0359,82.8495,122.7602,0,80, 0

0,76.03,-9.18,69.16,-57.0359,82.8495,122.7602,0,80, 0

0,77.42,-11.82,67.82,-57.0359,82.8495,122.7602,0,80, 0

0,78.9,-14.17,66.07,-57.0359,82.8495,122.7602,0,80, 0

0,80.47,-16.15,63.97,-57.0359,82.8495,122.7602,0,80, 0

0,75.77,-16.12,62.93,-57.0359,82.8495,122.7602,0,20, 4

END Horizontal Line

START Horizontal Line

0,75.77,-16.12,62.93,-57.0359,82.8495,122.7602,0,80, 3

0,75.77,-16.12,62.93,-57.0359,82.8495,122.7602,0,80, 0

0,75.77,-16.12,62.93,-57.0359,82.8495,122.7602,0,80, 0

0,75.77,-16.12,62.93,-57.0359,82.8495,122.7602,0,80, 0

0,77.4,-17.52,60.45,-57.0359,82.8495,122.7602,0,80, 0

0,79.05,-18.42,57.78,-57.0359,82.8495,122.7602,0,80, 0

0,80.69,-18.79,55,-57.0359,82.8495,122.7602,0,80, 0

0,82.28,-18.62,52.19,-57.0359,82.8495,122.7602,0,80, 0

0,83.79,-17.9,49.47,-57.0359,82.8495,122.7602,0,80, 0

0,85.21,-16.68,46.91,-57.0359,82.8495,122.7602,0,80, 0

0,86.5,-15,44.6,-57.0359,82.8495,122.7602,0,80, 0

0,81.62,-14.17,43.93,-57.0359,82.8495,122.7602,0,20, 4

END Horizontal Line

START Horizontal Line

0,81.62,-14.17,43.93,-57.0359,82.8495,122.7602,0,80, 3

0,81.62,-14.17,43.93,-57.0359,82.8495,122.7602,0,80, 0

0,81.62,-14.17,43.93,-57.0359,82.8495,122.7602,0,80, 0

0,81.62,-14.17,43.93,-57.0359,82.8495,122.7602,0,80, 0

0,82.75,-12.04,42,-57.0359,82.8495,122.7602,0,80, 0

0,83.74,-9.59,40.45,-57.0359,82.8495,122.7602,0,80, 0

0,84.57,-6.92,39.32,-57.0359,82.8495,122.7602,0,80, 0

0,85.24,-4.08,38.64,-57.0359,82.8495,122.7602,0,80, 0

0,85.76,-1.18,38.42,-57.0359,82.8495,122.7602,0,80, 0

0,86.13,1.72,38.68,-57.0359,82.8495,122.7602,0,80, 0

0,86.36,4.52,39.4,-57.0359,82.8495,122.7602,0,80, 0

0,81.3,5.53,39.23,-57.0359,82.8495,122.7602,0,20, 4

END Horizontal Line

START Horizontal Line

0,81.3,5.53,39.23,-57.0359,82.8495,122.7602,0,80, 3

0,81.3,5.53,39.23,-57.0359,82.8495,122.7602,0,80, 0

0,81.3,5.53,39.23,-57.0359,82.8495,122.7602,0,80, 0

0,81.3,5.53,39.23,-57.0359,82.8495,122.7602,0,80, 0

0,81.5,8.12,40.49,-57.0359,82.8495,122.7602,0,80, 0

0,81.59,10.44,42.16,-57.0359,82.8495,122.7602,0,80, 0

0,81.59,12.43,44.22,-57.0359,82.8495,122.7602,0,80, 0

0,81.53,14.01,46.6,-57.0359,82.8495,122.7602,0,80, 0

0,81.43,15.13,49.23,-57.0359,82.8495,122.7602,0,80, 0

0,81.32,15.74,52.05,-57.0359,82.8495,122.7602,0,80, 0

0,75.53,16.42,54.28,-57.0359,82.8495,122.7602,0,20, 4

END Horizontal Line

START Vertical Line

0,75.53,16.42,54.28,-57.0359,82.8495,122.7602,0, 20, 5

0,75.53,16.42,54.28,-57.0359,82.8495,122.7602,0,20, 1

0,75.53,16.42,54.28,-57.0359,82.8495,122.7602,0,20, 1

0,75.53,16.42,54.28,-57.0359,82.8495,122.7602,0,20, 1

0,78.15,16.16,55.71,-57.0359,82.8495,122.7602,0,20, 1

0,80.78,15.9,57.13,-57.0359,82.8495,122.7602,0,20, 1

0,83.41,15.64,58.56,-57.0359,82.8495,122.7602,0,20, 1

0,86.04,15.38,59.98,-57.0359,82.8495,122.7602,0,20, 1

0,88.66,15.12,61.41,-57.0359,82.8495,122.7602,0,20, 1

0,91.29,14.87,62.83,-57.0359,82.8495,122.7602,0,20, 1

0,93.92,14.61,64.25,-57.0359,82.8495,122.7602,0,20, 1

0,94.23,14.58,64.42,-57.0359,82.8495,122.7602,2,20, 6

END Vertical Line

0,94.23,14.58,64.42,-57.0359,82.8495,122.7602,0,200, 2

0,110.61,12.85,65.54,-57.0359,82.8495,122.7602,0,200, 2

0,129.11,6.86,50.99,-57.0359,82.8495,122.7602,0,200, 2

0,81.3,5.53,39.23,-57.0359,82.8495,122.7602,0,200, 2

START Vertical Line

0,81.3,5.53,39.23,-57.0359,82.8495,122.7602,0, 20, 5

0,81.3,5.53,39.23,-57.0359,82.8495,122.7602,0,20, 1

0,81.3,5.53,39.23,-57.0359,82.8495,122.7602,0,20, 1

0,81.3,5.53,39.23,-57.0359,82.8495,122.7602,0,20, 1

0,83.96,5.91,40.55,-57.0359,82.8495,122.7602,0,20, 1

0,86.63,6.29,41.88,-57.0359,82.8495,122.7602,0,20, 1

0,89.3,6.67,43.2,-57.0359,82.8495,122.7602,0,20, 1

0,91.96,7.05,44.52,-57.0359,82.8495,122.7602,0,20, 1

0,94.63,7.43,45.85,-57.0359,82.8495,122.7602,0,20, 1

0,97.29,7.81,47.17,-57.0359,82.8495,122.7602,0,20, 1

0,99.96,8.19,48.49,-57.0359,82.8495,122.7602,0,20, 1

0,102.62,8.57,49.82,-57.0359,82.8495,122.7602,0,20, 1

0,102.72,8.58,49.87,-57.0359,82.8495,122.7602,2,20, 6

END Vertical Line

0,102.72,8.58,49.87,-57.0359,82.8495,122.7602,0,200, 2

0,111.1,7.7,50.44,-57.0359,82.8495,122.7602,0,200, 2

0,121.4,-10.54,50.41,-57.0359,82.8495,122.7602,0,200, 2

0,81.62,-14.17,43.93,-57.0359,82.8495,122.7602,0,200, 2

START Vertical Line

0,81.62,-14.17,43.93,-57.0359,82.8495,122.7602,0, 20, 5

0,81.62,-14.17,43.93,-57.0359,82.8495,122.7602,0,20, 1

0,81.62,-14.17,43.93,-57.0359,82.8495,122.7602,0,20, 1

0,81.62,-14.17,43.93,-57.0359,82.8495,122.7602,0,20, 1

0,84.45,-13.57,44.71,-57.0359,82.8495,122.7602,0,20, 1

0,87.29,-12.98,45.49,-57.0359,82.8495,122.7602,0,20, 1

0,90.12,-12.38,46.28,-57.0359,82.8495,122.7602,0,20, 1

0,92.95,-11.78,47.06,-57.0359,82.8495,122.7602,0,20, 1

0,95.79,-11.19,47.84,-57.0359,82.8495,122.7602,0,20, 1

0,98.62,-10.59,48.62,-57.0359,82.8495,122.7602,0,20, 1

0,101.46,-9.99,49.4,-57.0359,82.8495,122.7602,0,20, 1

0,103.03,-9.66,49.84,-57.0359,82.8495,122.7602,2,20, 6

END Vertical Line

0,103.03,-9.66,49.84,-57.0359,82.8495,122.7602,0,200, 2

0,109.22,-10.31,50.26,-57.0359,82.8495,122.7602,0,200, 2

0,110.5,-16.4,65.52,-57.0359,82.8495,122.7602,0,200, 2

0,75.77,-16.12,62.93,-57.0359,82.8495,122.7602,0,200, 2

START Vertical Line

0,75.77,-16.12,62.93,-57.0359,82.8495,122.7602,0, 20, 5

0,75.77,-16.12,62.93,-57.0359,82.8495,122.7602,0,20, 1

0,75.77,-16.12,62.93,-57.0359,82.8495,122.7602,0,20, 1

0,75.77,-16.12,62.93,-57.0359,82.8495,122.7602,0,20, 1

0,78.75,-16.06,63.28,-57.0359,82.8495,122.7602,0,20, 1

0,81.73,-16,63.63,-57.0359,82.8495,122.7602,0,20, 1

0,84.71,-15.94,63.97,-57.0359,82.8495,122.7602,0,20, 1

0,87.69,-15.88,64.32,-57.0359,82.8495,122.7602,0,20, 1

0,90.67,-15.82,64.67,-57.0359,82.8495,122.7602,0,20, 1

0,93.65,-15.76,65.02,-57.0359,82.8495,122.7602,0,20, 1

0,94.31,-15.75,65.1,-57.0359,82.8495,122.7602,2,20, 6

END Vertical Line

0,94.31,-15.75,65.1,-57.0359,82.8495,122.7602,0,200, 2

0,107.43,-17.13,65.99,-57.0359,82.8495,122.7602,0,200, 2

0,111.67,-2.32,75.56,-57.0359,82.8495,122.7602,0,200, 2

0,71.8,2.77,70,-57.0359,82.8495,122.7602,0,200, 2

START Vertical Line

0,71.8,2.77,70,-57.0359,82.8495,122.7602,0, 20, 5

0,71.8,2.77,70,-57.0359,82.8495,122.7602,0,20, 1

0,71.8,2.77,70,-57.0359,82.8495,122.7602,0,20, 1

0,71.8,2.77,70,-57.0359,82.8495,122.7602,0,20, 1

0,74.62,2.15,70.78,-57.0359,82.8495,122.7602,0,20, 1

0,77.45,1.52,71.57,-57.0359,82.8495,122.7602,0,20, 1

0,80.28,0.89,72.36,-57.0359,82.8495,122.7602,0,20, 1

0,83.1,0.27,73.14,-57.0359,82.8495,122.7602,0,20, 1

0,85.93,-0.36,73.93,-57.0359,82.8495,122.7602,0,20, 1

0,88.56,-0.94,74.66,-57.0359,82.8495,122.7602,2,20, 6

END Vertical Line

0,88.56,-0.94,74.66,-57.0359,82.8495,122.7602,0,200, 2

0,108.23,-3.01,76.01,-57.0359,82.8495,122.7602,0,200, 2

0,123.9,12.51,65.77,-57.0359,82.8495,122.7602,0,200, 2

0,94.23,14.58,64.42,-57.0359,82.8495,122.7602,0,200, 2

0,97.2,14.26,64.63,-57.0359,82.8495,122.7602,0, 50, 10

0,94.23,14.58,64.42,-57.0359,82.8495,122.7602,0, 50, 10

0,94.23,14.58,64.42,-57.0359,82.8495,122.7602,0,80, 0

0,93.66,13.44,66.92,-57.0359,82.8495,122.7602,0, 50, 10

0,93.23,11.8,69.2,-57.0359,82.8495,122.7602,0, 50, 10

0,92.97,9.7,71.19,-57.0359,82.8495,122.7602,0, 50, 10

0,92.92,7.22,72.82,-57.0359,82.8495,122.7602,0, 50, 10

0,93.12,4.44,74.04,-57.0359,82.8495,122.7602,0, 50, 10

0,93.59,1.46,74.79,-57.0359,82.8495,122.7602,0, 50, 10

0,88.56,-0.94,74.66,-57.0359,82.8495,122.7602,0, 50, 10

START Horizontal Line

0,88.56,-0.94,74.66,-57.0359,82.8495,122.7602,0,80, 3

0,88.56,-0.94,74.66,-57.0359,82.8495,122.7602,0,80, 0

0,88.56,-0.94,74.66,-57.0359,82.8495,122.7602,0,80, 0

0,88.56,-0.94,74.66,-57.0359,82.8495,122.7602,0,80, 0

0,89.59,-4.01,74.45,-57.0359,82.8495,122.7602,0,80, 0

0,90.89,-6.95,73.75,-57.0359,82.8495,122.7602,0,80, 0

0,92.46,-9.68,72.6,-57.0359,82.8495,122.7602,0,80, 0

0,94.26,-12.09,71.03,-57.0359,82.8495,122.7602,0,80, 0

0,96.26,-14.1,69.11,-57.0359,82.8495,122.7602,0,80, 0

0,98.41,-15.64,66.91,-57.0359,82.8495,122.7602,0,80, 0

0,94.31,-15.75,65.1,-57.0359,82.8495,122.7602,0,20, 4

END Horizontal Line

START Horizontal Line

0,94.31,-15.75,65.1,-57.0359,82.8495,122.7602,0,80, 3

0,94.31,-15.75,65.1,-57.0359,82.8495,122.7602,0,80, 0

0,94.31,-15.75,65.1,-57.0359,82.8495,122.7602,0,80, 0

0,94.31,-15.75,65.1,-57.0359,82.8495,122.7602,0,80, 0

0,96.61,-16.44,62.62,-57.0359,82.8495,122.7602,0,80, 0

0,98.94,-16.56,60.08,-57.0359,82.8495,122.7602,0,80, 0

0,101.23,-16.11,57.58,-57.0359,82.8495,122.7602,0,80, 0

0,103.44,-15.12,55.21,-57.0359,82.8495,122.7602,0,80, 0

0,105.52,-13.62,53.06,-57.0359,82.8495,122.7602,0,80, 0

0,107.42,-11.67,51.2,-57.0359,82.8495,122.7602,0,80, 0

0,103.03,-9.66,49.84,-57.0359,82.8495,122.7602,0,20, 4

END Horizontal Line

START Horizontal Line

0,103.03,-9.66,49.84,-57.0359,82.8495,122.7602,0,80, 3

0,103.03,-9.66,49.84,-57.0359,82.8495,122.7602,0,80, 0

0,103.03,-9.66,49.84,-57.0359,82.8495,122.7602,0,80, 0

0,103.03,-9.66,49.84,-57.0359,82.8495,122.7602,0,80, 0

0,104.56,-7.14,48.61,-57.0359,82.8495,122.7602,0,80, 0

0,105.82,-4.38,47.82,-57.0359,82.8495,122.7602,0,80, 0

0,106.81,-1.5,47.52,-57.0359,82.8495,122.7602,0,80, 0

0,107.52,1.41,47.71,-57.0359,82.8495,122.7602,0,80, 0

0,107.94,4.22,48.38,-57.0359,82.8495,122.7602,0,80, 0

0,108.1,6.84,49.53,-57.0359,82.8495,122.7602,0,80, 0

0,102.72,8.58,49.87,-57.0359,82.8495,122.7602,0,20, 4

END Horizontal Line

START Horizontal Line

0,102.72,8.58,49.87,-57.0359,82.8495,122.7602,0,80, 3

0,102.72,8.58,49.87,-57.0359,82.8495,122.7602,0,80, 0

0,102.72,8.58,49.87,-57.0359,82.8495,122.7602,0,80, 0

0,102.72,8.58,49.87,-57.0359,82.8495,122.7602,0,80, 0

0,102.54,10.74,51.62,-57.0359,82.8495,122.7602,0,80, 0

0,102.16,12.49,53.72,-57.0359,82.8495,122.7602,0,80, 0

0,101.63,13.76,56.08,-57.0359,82.8495,122.7602,0,80, 0

0,101.01,14.5,58.62,-57.0359,82.8495,122.7602,0,80, 0

0,100.34,14.67,61.26,-57.0359,82.8495,122.7602,0,80, 0

0,99.68,14.28,63.9,-57.0359,82.8495,122.7602,0,80, 0

0,94.23,14.58,64.42,-57.0359,82.8495,122.7602,0,20, 4

END Horizontal Line

16

