begin
0,8.02,-29.94,150,0,0,0,1,0,0, 80, 9

0,29.32,-34.77,50,0,0,0,1,0,0, 80, 9

0,9.32,-34.77,0,0,0,0,6,0,0, 80, 9

0,8.02,-29.94,0,0,0,0,11,0,0, 80, 9

0,8.02,-29.94,0,0,0,0,16,0,0, 80, 9

START Horizontal Line

0,8.02,-29.94,0,0,0,0,18,2,0,80, 3

0,8.02,-29.94,0,0,0,0,21,2,0,80, 0

0,8.02,-29.94,0,0,0,0,24,2,0,80, 0

0,8.02,-29.94,0,0,0,0,26,2,0,80, 0

0,10.88,-29.03,0,0,0,0,28,0,0,80, 0

0,13.63,-27.84,0,0,0,0,30,0,0,80, 0

0,16.26,-26.39,0,0,0,0,32,0,0,80, 0

0,18.73,-24.7,0,0,0,0,34,0,0,80, 0

0,21.03,-22.77,0,0,0,0,36,0,0,80, 0

0,21.92,-21.92,0,0,0,0,38,0,0,20, 4

END Horizontal Line

START Horizontal Line

0,21.92,-21.92,0,0,0,0,41,2,0,80, 3

0,21.92,-21.92,0,0,0,0,44,2,0,80, 0

0,21.92,-21.92,0,0,0,0,47,2,0,80, 0

0,21.92,-21.92,0,0,0,0,49,2,0,80, 0

0,23.94,-19.7,0,0,0,0,51,0,0,80, 0

0,25.73,-17.29,0,0,0,0,53,0,0,80, 0

0,27.28,-14.73,0,0,0,0,55,0,0,80, 0

0,28.57,-12.02,0,0,0,0,57,0,0,80, 0

0,29.6,-9.21,0,0,0,0,59,0,0,80, 0

0,29.94,-8.02,0,0,0,0,61,0,0,20, 4

END Horizontal Line

START Horizontal Line

0,29.94,-8.02,0,0,0,0,64,2,0,80, 3

0,29.94,-8.02,0,0,0,0,67,2,0,80, 0

0,29.94,-8.02,0,0,0,0,70,2,0,80, 0

0,29.94,-8.02,0,0,0,0,72,2,0,80, 0

0,30.58,-5.09,0,0,0,0,74,0,0,80, 0

0,30.93,-2.11,0,0,0,0,76,0,0,80, 0

0,30.99,0.88,0,0,0,0,78,0,0,80, 0

0,30.76,3.87,0,0,0,0,80,0,0,80, 0

0,30.24,6.83,0,0,0,0,82,0,0,80, 0

0,29.94,8.02,0,0,0,0,84,0,0,20, 4

END Horizontal Line

START Horizontal Line

0,29.94,8.02,0,0,0,0,87,2,0,80, 3

0,29.94,8.02,0,0,0,0,90,2,0,80, 0

0,29.94,8.02,0,0,0,0,93,2,0,80, 0

0,29.94,8.02,0,0,0,0,95,2,0,80, 0

0,29.03,10.88,0,0,0,0,97,0,0,80, 0

0,27.84,13.63,0,0,0,0,99,0,0,80, 0

0,26.39,16.26,0,0,0,0,101,0,0,80, 0

0,24.7,18.73,0,0,0,0,103,0,0,80, 0

0,22.77,21.03,0,0,0,0,105,0,0,80, 0

0,21.92,21.92,0,0,0,0,107,0,0,20, 4

END Horizontal Line

START Horizontal Line

0,21.92,21.92,0,0,0,0,110,2,0,80, 3

0,21.92,21.92,0,0,0,0,113,2,0,80, 0

0,21.92,21.92,0,0,0,0,116,2,0,80, 0

0,21.92,21.92,0,0,0,0,118,2,0,80, 0

0,19.7,23.94,0,0,0,0,120,0,0,80, 0

0,17.29,25.73,0,0,0,0,122,0,0,80, 0

0,14.73,27.28,0,0,0,0,124,0,0,80, 0

0,12.02,28.57,0,0,0,0,126,0,0,80, 0

0,9.21,29.6,0,0,0,0,128,0,0,80, 0

0,8.02,29.94,0,0,0,0,130,0,0,20, 4

END Horizontal Line

START Vertical Line

0,8.02,29.94,0,0,0,0,135,0,0, 20, 5

0,8.02,29.94,0,0,0,0,141,0,0,20, 1

0,8.02,29.94,0,0,0,0,144,0,0,20, 1

0,8.02,29.94,0,0,0,0,144,0,0,20, 1

0,8.6,32.09,2.02,0,0,0,149,0,0,20, 1

0,9.16,34.2,4.07,0,0,0,153,1,0,20, 1

0,9.72,36.27,6.17,0,0,0,157,1,0,20, 1

0,10.26,38.3,8.31,0,0,0,161,1,0,20, 1

0,10.79,40.28,10.5,0,0,0,165,1,0,20, 1

0,11.31,42.19,12.75,0,0,0,169,1,0,20, 1

0,11.8,44.04,15.07,0,0,0,173,1,0,20, 1

0,12.27,45.8,17.45,0,0,0,177,1,0,20, 1

0,12.72,47.46,19.91,0,0,0,181,1,0,20, 1

0,12.72,47.47,19.92,0,0,0,181,1,2,20, 6

END Vertical Line

0,12.72,47.47,19.92,0,0,0,181,0,0,200, 2

0,12.72,47.47,76,0,0,0,181,0,0,200, 2

0,44.75,34.75,76,0,0,0,181,0,0,200, 2

0,21.92,21.92,0,0,0,0,183,0,0,200, 2

START Vertical Line

0,21.92,21.92,0,0,0,0,188,0,0, 20, 5

0,21.92,21.92,0,0,0,0,194,0,0,20, 1

0,21.92,21.92,0,0,0,0,197,0,0,20, 1

0,21.92,21.92,0,0,0,0,197,0,0,20, 1

0,23.49,23.49,2.02,0,0,0,202,0,0,20, 1

0,25.04,25.04,4.07,0,0,0,206,1,0,20, 1

0,26.55,26.55,6.17,0,0,0,210,1,0,20, 1

0,28.04,28.04,8.31,0,0,0,214,1,0,20, 1

0,29.49,29.49,10.5,0,0,0,218,1,0,20, 1

0,30.89,30.89,12.75,0,0,0,222,1,0,20, 1

0,32.24,32.24,15.07,0,0,0,226,1,0,20, 1

0,33.53,33.53,17.45,0,0,0,230,1,0,20, 1

0,34.74,34.74,19.91,0,0,0,234,1,0,20, 1

0,34.75,34.75,19.92,0,0,0,234,1,2,20, 6

END Vertical Line

0,34.75,34.75,19.92,0,0,0,234,0,0,200, 2

0,34.75,34.75,76,0,0,0,234,0,0,200, 2

0,57.47,12.72,76,0,0,0,234,0,0,200, 2

0,29.94,8.02,0,0,0,0,236,0,0,200, 2

START Vertical Line

0,29.94,8.02,0,0,0,0,241,0,0, 20, 5

0,29.94,8.02,0,0,0,0,247,0,0,20, 1

0,29.94,8.02,0,0,0,0,250,0,0,20, 1

0,29.94,8.02,0,0,0,0,250,0,0,20, 1

0,32.09,8.6,2.02,0,0,0,255,0,0,20, 1

0,34.2,9.16,4.07,0,0,0,259,1,0,20, 1

0,36.27,9.72,6.17,0,0,0,263,1,0,20, 1

0,38.3,10.26,8.31,0,0,0,267,1,0,20, 1

0,40.28,10.79,10.5,0,0,0,271,1,0,20, 1

0,42.19,11.31,12.75,0,0,0,275,1,0,20, 1

0,44.04,11.8,15.07,0,0,0,279,1,0,20, 1

0,45.8,12.27,17.45,0,0,0,283,1,0,20, 1

0,47.46,12.72,19.91,0,0,0,287,1,0,20, 1

0,47.47,12.72,19.92,0,0,0,287,1,2,20, 6

END Vertical Line

0,47.47,12.72,19.92,0,0,0,287,0,0,200, 2

0,47.47,12.72,76,0,0,0,287,0,0,200, 2

0,57.47,-12.72,76,0,0,0,287,0,0,200, 2

0,29.94,-8.02,0,0,0,0,289,0,0,200, 2

START Vertical Line

0,29.94,-8.02,0,0,0,0,294,0,0, 20, 5

0,29.94,-8.02,0,0,0,0,300,0,0,20, 1

0,29.94,-8.02,0,0,0,0,303,0,0,20, 1

0,29.94,-8.02,0,0,0,0,303,0,0,20, 1

0,32.09,-8.6,2.02,0,0,0,308,0,0,20, 1

0,34.2,-9.16,4.07,0,0,0,312,1,0,20, 1

0,36.27,-9.72,6.17,0,0,0,316,1,0,20, 1

0,38.3,-10.26,8.31,0,0,0,320,1,0,20, 1

0,40.28,-10.79,10.5,0,0,0,324,1,0,20, 1

0,42.19,-11.31,12.75,0,0,0,328,1,0,20, 1

0,44.04,-11.8,15.07,0,0,0,332,1,0,20, 1

0,45.8,-12.27,17.45,0,0,0,336,1,0,20, 1

0,47.46,-12.72,19.91,0,0,0,340,1,0,20, 1

0,47.47,-12.72,19.92,0,0,0,340,1,2,20, 6

END Vertical Line

0,47.47,-12.72,19.92,0,0,0,340,0,0,200, 2

0,47.47,-12.72,76,0,0,0,340,0,0,200, 2

0,44.75,-34.75,76,0,0,0,340,0,0,200, 2

0,21.92,-21.92,0,0,0,0,342,0,0,200, 2

START Vertical Line

0,21.92,-21.92,0,0,0,0,347,0,0, 20, 5

0,21.92,-21.92,0,0,0,0,353,0,0,20, 1

0,21.92,-21.92,0,0,0,0,356,0,0,20, 1

0,21.92,-21.92,0,0,0,0,356,0,0,20, 1

0,23.49,-23.49,2.02,0,0,0,361,0,0,20, 1

0,25.04,-25.04,4.07,0,0,0,365,1,0,20, 1

0,26.55,-26.55,6.17,0,0,0,369,1,0,20, 1

0,28.04,-28.04,8.31,0,0,0,373,1,0,20, 1

0,29.49,-29.49,10.5,0,0,0,377,1,0,20, 1

0,30.89,-30.89,12.75,0,0,0,381,1,0,20, 1

0,32.24,-32.24,15.07,0,0,0,385,1,0,20, 1

0,33.53,-33.53,17.45,0,0,0,389,1,0,20, 1

0,34.74,-34.74,19.91,0,0,0,393,1,0,20, 1

0,34.75,-34.75,19.92,0,0,0,393,1,2,20, 6

END Vertical Line

0,34.75,-34.75,19.92,0,0,0,393,0,0,200, 2

0,34.75,-34.75,76,0,0,0,393,0,0,200, 2

0,22.72,-47.47,76,0,0,0,393,0,0,200, 2

0,8.02,-29.94,0,0,0,0,395,0,0,200, 2

START Vertical Line

0,8.02,-29.94,0,0,0,0,400,0,0, 20, 5

0,8.02,-29.94,0,0,0,0,406,0,0,20, 1

0,8.02,-29.94,0,0,0,0,409,0,0,20, 1

0,8.02,-29.94,0,0,0,0,409,0,0,20, 1

0,8.6,-32.09,2.02,0,0,0,414,0,0,20, 1

0,9.16,-34.2,4.07,0,0,0,418,1,0,20, 1

0,9.72,-36.27,6.17,0,0,0,422,1,0,20, 1

0,10.26,-38.3,8.31,0,0,0,426,1,0,20, 1

0,10.79,-40.28,10.5,0,0,0,430,1,0,20, 1

0,11.31,-42.19,12.75,0,0,0,434,1,0,20, 1

0,11.8,-44.04,15.07,0,0,0,438,1,0,20, 1

0,12.27,-45.8,17.45,0,0,0,442,1,0,20, 1

0,12.72,-47.46,19.91,0,0,0,446,1,0,20, 1

0,12.72,-47.47,19.92,0,0,0,446,1,2,20, 6

END Vertical Line

0,12.72,-47.47,22.92,0,0,0,451,2,0, 50, 10

0,12.72,-47.47,19.92,0,0,0,454,2,0, 50, 10

0,12.72,-47.47,19.92,0,0,0,456,2,0,80, 0

0,15.59,-46.6,20.55,0,0,0,458,2,0, 50, 10

0,18.41,-45.57,21.17,0,0,0,460,2,0, 50, 10

0,21.15,-44.36,21.8,0,0,0,462,2,0, 50, 10

0,23.82,-42.99,22.42,0,0,0,464,2,0, 50, 10

0,26.4,-41.45,23.05,0,0,0,466,2,0, 50, 10

0,28.88,-39.76,23.67,0,0,0,468,2,0, 50, 10

0,31.25,-37.93,24.3,0,0,0,470,2,0, 50, 10

0,33.5,-35.95,24.92,0,0,0,472,2,0, 50, 10

0,34.75,-34.75,19.92,0,0,0,474,2,0, 50, 10

START Horizontal Line

0,34.75,-34.75,19.92,0,0,0,477,2,0,80, 3

0,34.75,-34.75,19.92,0,0,0,480,2,0,80, 0

0,34.75,-34.75,19.92,0,0,0,483,2,0,80, 0

0,34.75,-34.75,19.92,0,0,0,485,2,0,80, 0

0,36.8,-32.56,20.55,0,0,0,487,2,0,80, 0

0,38.72,-30.26,21.17,0,0,0,489,2,0,80, 0

0,40.5,-27.84,21.8,0,0,0,491,2,0,80, 0

0,42.12,-25.32,22.42,0,0,0,493,2,0,80, 0

0,43.59,-22.7,23.05,0,0,0,495,2,0,80, 0

0,44.89,-20,23.67,0,0,0,497,2,0,80, 0

0,46.03,-17.22,24.3,0,0,0,499,2,0,80, 0

0,46.99,-14.38,24.92,0,0,0,501,2,0,80, 0

0,47.47,-12.72,19.92,0,0,0,503,2,0,20, 4

END Horizontal Line

START Horizontal Line

0,47.47,-12.72,19.92,0,0,0,506,2,0,80, 3

0,47.47,-12.72,19.92,0,0,0,509,2,0,80, 0

0,47.47,-12.72,19.92,0,0,0,512,2,0,80, 0

0,47.47,-12.72,19.92,0,0,0,514,2,0,80, 0

0,48.16,-9.8,20.55,0,0,0,516,2,0,80, 0

0,48.66,-6.84,21.17,0,0,0,518,2,0,80, 0

0,48.99,-3.86,21.8,0,0,0,520,2,0,80, 0

0,49.14,-0.87,22.42,0,0,0,522,2,0,80, 0

0,49.1,2.13,23.05,0,0,0,524,2,0,80, 0

0,48.88,5.13,23.67,0,0,0,526,2,0,80, 0

0,48.47,8.1,24.3,0,0,0,528,2,0,80, 0

0,47.89,11.04,24.92,0,0,0,530,2,0,80, 0

0,47.47,12.72,19.92,0,0,0,532,2,0,20, 4

END Horizontal Line

START Horizontal Line

0,47.47,12.72,19.92,0,0,0,535,2,0,80, 3

0,47.47,12.72,19.92,0,0,0,538,2,0,80, 0

0,47.47,12.72,19.92,0,0,0,541,2,0,80, 0

0,47.47,12.72,19.92,0,0,0,543,2,0,80, 0

0,46.6,15.59,20.55,0,0,0,545,2,0,80, 0

0,45.57,18.41,21.17,0,0,0,547,2,0,80, 0

0,44.36,21.15,21.8,0,0,0,549,2,0,80, 0

0,42.99,23.82,22.42,0,0,0,551,2,0,80, 0

0,41.45,26.4,23.05,0,0,0,553,2,0,80, 0

0,39.76,28.88,23.67,0,0,0,555,2,0,80, 0

0,37.93,31.25,24.3,0,0,0,557,2,0,80, 0

0,35.95,33.5,24.92,0,0,0,559,2,0,80, 0

0,34.75,34.75,19.92,0,0,0,561,2,0,20, 4

END Horizontal Line

START Horizontal Line

0,34.75,34.75,19.92,0,0,0,564,2,0,80, 3

0,34.75,34.75,19.92,0,0,0,567,2,0,80, 0

0,34.75,34.75,19.92,0,0,0,570,2,0,80, 0

0,34.75,34.75,19.92,0,0,0,572,2,0,80, 0

0,32.56,36.8,20.55,0,0,0,574,2,0,80, 0

0,30.26,38.72,21.17,0,0,0,576,2,0,80, 0

0,27.84,40.5,21.8,0,0,0,578,2,0,80, 0

0,25.32,42.12,22.42,0,0,0,580,2,0,80, 0

0,22.7,43.59,23.05,0,0,0,582,2,0,80, 0

0,20,44.89,23.67,0,0,0,584,2,0,80, 0

0,17.22,46.03,24.3,0,0,0,586,2,0,80, 0

0,14.38,46.99,24.92,0,0,0,588,2,0,80, 0

0,12.72,47.47,19.92,0,0,0,590,2,0,20, 4

END Horizontal Line

START Vertical Line

0,12.72,47.47,19.92,0,0,0,595,0,0, 20, 5

0,12.72,47.47,19.92,0,0,0,601,0,0,20, 1

0,12.72,47.47,19.92,0,0,0,604,0,0,20, 1

0,12.72,47.47,19.92,0,0,0,604,0,0,20, 1

0,13.13,49.01,22.46,0,0,0,609,0,0,20, 1

0,13.51,50.42,25.08,0,0,0,613,1,0,20, 1

0,13.84,51.67,27.79,0,0,0,617,1,0,20, 1

0,14.13,52.73,30.58,0,0,0,621,1,0,20, 1

0,14.36,53.57,33.45,0,0,0,625,1,0,20, 1

0,14.52,54.19,36.38,0,0,0,629,1,0,20, 1

0,14.61,54.54,39.36,0,0,0,633,1,0,20, 1

0,14.64,54.63,42.36,0,0,0,637,1,0,20, 1

0,14.59,54.47,45.35,0,0,0,641,1,0,20, 1

0,14.59,54.47,45.37,0,0,0,641,1,2,20, 6

END Vertical Line

0,14.59,54.47,45.37,0,0,0,641,0,0,200, 2

0,14.59,54.47,76,0,0,0,641,0,0,200, 2

0,49.87,39.87,76,0,0,0,641,0,0,200, 2

0,34.75,34.75,19.92,0,0,0,643,0,0,200, 2

START Vertical Line

0,34.75,34.75,19.92,0,0,0,648,0,0, 20, 5

0,34.75,34.75,19.92,0,0,0,654,0,0,20, 1

0,34.75,34.75,19.92,0,0,0,657,0,0,20, 1

0,34.75,34.75,19.92,0,0,0,657,0,0,20, 1

0,35.88,35.88,22.46,0,0,0,662,0,0,20, 1

0,36.91,36.91,25.08,0,0,0,666,1,0,20, 1

0,37.82,37.82,27.79,0,0,0,670,1,0,20, 1

0,38.6,38.6,30.58,0,0,0,674,1,0,20, 1

0,39.22,39.22,33.45,0,0,0,678,1,0,20, 1

0,39.67,39.67,36.38,0,0,0,682,1,0,20, 1

0,39.93,39.93,39.36,0,0,0,686,1,0,20, 1

0,40,40,42.36,0,0,0,690,1,0,20, 1

0,39.87,39.87,45.35,0,0,0,694,1,0,20, 1

0,39.87,39.87,45.37,0,0,0,694,1,2,20, 6

END Vertical Line

0,39.87,39.87,45.37,0,0,0,694,0,0,200, 2

0,39.87,39.87,76,0,0,0,694,0,0,200, 2

0,64.47,14.59,76,0,0,0,694,0,0,200, 2

0,47.47,12.72,19.92,0,0,0,696,0,0,200, 2

START Vertical Line

0,47.47,12.72,19.92,0,0,0,701,0,0, 20, 5

0,47.47,12.72,19.92,0,0,0,707,0,0,20, 1

0,47.47,12.72,19.92,0,0,0,710,0,0,20, 1

0,47.47,12.72,19.92,0,0,0,710,0,0,20, 1

0,49.01,13.13,22.46,0,0,0,715,0,0,20, 1

0,50.42,13.51,25.08,0,0,0,719,1,0,20, 1

0,51.67,13.84,27.79,0,0,0,723,1,0,20, 1

0,52.73,14.13,30.58,0,0,0,727,1,0,20, 1

0,53.57,14.36,33.45,0,0,0,731,1,0,20, 1

0,54.19,14.52,36.38,0,0,0,735,1,0,20, 1

0,54.54,14.61,39.36,0,0,0,739,1,0,20, 1

0,54.63,14.64,42.36,0,0,0,743,1,0,20, 1

0,54.47,14.59,45.35,0,0,0,747,1,0,20, 1

0,54.47,14.59,45.37,0,0,0,747,1,2,20, 6

END Vertical Line

0,54.47,14.59,45.37,0,0,0,747,0,0,200, 2

0,54.47,14.59,76,0,0,0,747,0,0,200, 2

0,64.47,-14.59,76,0,0,0,747,0,0,200, 2

0,47.47,-12.72,19.92,0,0,0,749,0,0,200, 2

START Vertical Line

0,47.47,-12.72,19.92,0,0,0,754,0,0, 20, 5

0,47.47,-12.72,19.92,0,0,0,760,0,0,20, 1

0,47.47,-12.72,19.92,0,0,0,763,0,0,20, 1

0,47.47,-12.72,19.92,0,0,0,763,0,0,20, 1

0,49.01,-13.13,22.46,0,0,0,768,0,0,20, 1

0,50.42,-13.51,25.08,0,0,0,772,1,0,20, 1

0,51.67,-13.84,27.79,0,0,0,776,1,0,20, 1

0,52.73,-14.13,30.58,0,0,0,780,1,0,20, 1

0,53.57,-14.36,33.45,0,0,0,784,1,0,20, 1

0,54.19,-14.52,36.38,0,0,0,788,1,0,20, 1

0,54.54,-14.61,39.36,0,0,0,792,1,0,20, 1

0,54.63,-14.64,42.36,0,0,0,796,1,0,20, 1

0,54.47,-14.59,45.35,0,0,0,800,1,0,20, 1

0,54.47,-14.59,45.37,0,0,0,800,1,2,20, 6

END Vertical Line

0,54.47,-14.59,45.37,0,0,0,800,0,0,200, 2

0,54.47,-14.59,76,0,0,0,800,0,0,200, 2

0,49.87,-39.87,76,0,0,0,800,0,0,200, 2

0,34.75,-34.75,19.92,0,0,0,802,0,0,200, 2

START Vertical Line

0,34.75,-34.75,19.92,0,0,0,807,0,0, 20, 5

0,34.75,-34.75,19.92,0,0,0,813,0,0,20, 1

0,34.75,-34.75,19.92,0,0,0,816,0,0,20, 1

0,34.75,-34.75,19.92,0,0,0,816,0,0,20, 1

0,35.88,-35.88,22.46,0,0,0,821,0,0,20, 1

0,36.91,-36.91,25.08,0,0,0,825,1,0,20, 1

0,37.82,-37.82,27.79,0,0,0,829,1,0,20, 1

0,38.6,-38.6,30.58,0,0,0,833,1,0,20, 1

0,39.22,-39.22,33.45,0,0,0,837,1,0,20, 1

0,39.67,-39.67,36.38,0,0,0,841,1,0,20, 1

0,39.93,-39.93,39.36,0,0,0,845,1,0,20, 1

0,40,-40,42.36,0,0,0,849,1,0,20, 1

0,39.87,-39.87,45.35,0,0,0,853,1,0,20, 1

0,39.87,-39.87,45.37,0,0,0,853,1,2,20, 6

END Vertical Line

0,39.87,-39.87,45.37,0,0,0,853,0,0,200, 2

0,39.87,-39.87,76,0,0,0,853,0,0,200, 2

0,24.59,-54.47,76,0,0,0,853,0,0,200, 2

0,12.72,-47.47,19.92,0,0,0,855,0,0,200, 2

START Vertical Line

0,12.72,-47.47,19.92,0,0,0,860,0,0, 20, 5

0,12.72,-47.47,19.92,0,0,0,866,0,0,20, 1

0,12.72,-47.47,19.92,0,0,0,869,0,0,20, 1

0,12.72,-47.47,19.92,0,0,0,869,0,0,20, 1

0,13.13,-49.01,22.46,0,0,0,874,0,0,20, 1

0,13.51,-50.42,25.08,0,0,0,878,1,0,20, 1

0,13.84,-51.67,27.79,0,0,0,882,1,0,20, 1

0,14.13,-52.73,30.58,0,0,0,886,1,0,20, 1

0,14.36,-53.57,33.45,0,0,0,890,1,0,20, 1

0,14.52,-54.19,36.38,0,0,0,894,1,0,20, 1

0,14.61,-54.54,39.36,0,0,0,898,1,0,20, 1

0,14.64,-54.63,42.36,0,0,0,902,1,0,20, 1

0,14.59,-54.47,45.35,0,0,0,906,1,0,20, 1

0,14.59,-54.47,45.37,0,0,0,906,1,2,20, 6

END Vertical Line

0,14.59,-54.47,48.37,0,0,0,911,2,0, 50, 10

0,14.59,-54.47,45.37,0,0,0,914,2,0, 50, 10

0,14.59,-54.47,45.37,0,0,0,916,2,0,80, 0

0,17.47,-53.61,45.92,0,0,0,918,2,0, 50, 10

0,20.3,-52.61,46.48,0,0,0,920,2,0, 50, 10

0,23.06,-51.45,47.03,0,0,0,922,2,0, 50, 10

0,25.77,-50.15,47.59,0,0,0,924,2,0, 50, 10

0,28.4,-48.71,48.14,0,0,0,926,2,0, 50, 10

0,30.95,-47.13,48.7,0,0,0,928,2,0, 50, 10

0,33.41,-45.42,49.26,0,0,0,930,2,0, 50, 10

0,35.78,-43.58,49.81,0,0,0,932,2,0, 50, 10

0,38.05,-41.62,50.37,0,0,0,934,2,0, 50, 10

0,39.87,-39.87,45.37,0,0,0,936,2,0, 50, 10

START Horizontal Line

0,39.87,-39.87,45.37,0,0,0,939,2,0,80, 3

0,39.87,-39.87,45.37,0,0,0,942,2,0,80, 0

0,39.87,-39.87,45.37,0,0,0,945,2,0,80, 0

0,39.87,-39.87,45.37,0,0,0,947,2,0,80, 0

0,41.94,-37.69,45.92,0,0,0,949,2,0,80, 0

0,43.88,-35.41,46.48,0,0,0,951,2,0,80, 0

0,45.7,-33.03,47.03,0,0,0,953,2,0,80, 0

0,47.39,-30.55,47.59,0,0,0,955,2,0,80, 0

0,48.95,-27.99,48.14,0,0,0,957,2,0,80, 0

0,50.37,-25.34,48.7,0,0,0,959,2,0,80, 0

0,51.65,-22.63,49.26,0,0,0,961,2,0,80, 0

0,52.78,-19.85,49.81,0,0,0,963,2,0,80, 0

0,53.76,-17.02,50.37,0,0,0,965,2,0,80, 0

0,54.47,-14.59,45.37,0,0,0,967,2,0,20, 4

END Horizontal Line

START Horizontal Line

0,54.47,-14.59,45.37,0,0,0,970,2,0,80, 3

0,54.47,-14.59,45.37,0,0,0,973,2,0,80, 0

0,54.47,-14.59,45.37,0,0,0,976,2,0,80, 0

0,54.47,-14.59,45.37,0,0,0,978,2,0,80, 0

0,55.16,-11.68,45.92,0,0,0,980,2,0,80, 0

0,55.71,-8.73,46.48,0,0,0,982,2,0,80, 0

0,56.09,-5.75,47.03,0,0,0,984,2,0,80, 0

0,56.32,-2.76,47.59,0,0,0,986,2,0,80, 0

0,56.39,0.24,48.14,0,0,0,988,2,0,80, 0

0,56.29,3.24,48.7,0,0,0,990,2,0,80, 0

0,56.04,6.23,49.26,0,0,0,992,2,0,80, 0

0,55.63,9.2,49.81,0,0,0,994,2,0,80, 0

0,55.06,12.14,50.37,0,0,0,996,2,0,80, 0

0,54.47,14.59,45.37,0,0,0,998,2,0,20, 4

END Horizontal Line

START Horizontal Line

0,54.47,14.59,45.37,0,0,0,1001,2,0,80, 3

0,54.47,14.59,45.37,0,0,0,1004,2,0,80, 0

0,54.47,14.59,45.37,0,0,0,1007,2,0,80, 0

0,54.47,14.59,45.37,0,0,0,1009,2,0,80, 0

0,53.61,17.47,45.92,0,0,0,1011,2,0,80, 0

0,52.61,20.3,46.48,0,0,0,1013,2,0,80, 0

0,51.45,23.06,47.03,0,0,0,1015,2,0,80, 0

0,50.15,25.77,47.59,0,0,0,1017,2,0,80, 0

0,48.71,28.4,48.14,0,0,0,1019,2,0,80, 0

0,47.13,30.95,48.7,0,0,0,1021,2,0,80, 0

0,45.42,33.41,49.26,0,0,0,1023,2,0,80, 0

0,43.58,35.78,49.81,0,0,0,1025,2,0,80, 0

0,41.62,38.05,50.37,0,0,0,1027,2,0,80, 0

0,39.87,39.87,45.37,0,0,0,1029,2,0,20, 4

END Horizontal Line

START Horizontal Line

0,39.87,39.87,45.37,0,0,0,1032,2,0,80, 3

0,39.87,39.87,45.37,0,0,0,1035,2,0,80, 0

0,39.87,39.87,45.37,0,0,0,1038,2,0,80, 0

0,39.87,39.87,45.37,0,0,0,1040,2,0,80, 0

0,37.69,41.94,45.92,0,0,0,1042,2,0,80, 0

0,35.41,43.88,46.48,0,0,0,1044,2,0,80, 0

0,33.03,45.7,47.03,0,0,0,1046,2,0,80, 0

0,30.55,47.39,47.59,0,0,0,1048,2,0,80, 0

0,27.99,48.95,48.14,0,0,0,1050,2,0,80, 0

0,25.34,50.37,48.7,0,0,0,1052,2,0,80, 0

0,22.63,51.65,49.26,0,0,0,1054,2,0,80, 0

0,19.85,52.78,49.81,0,0,0,1056,2,0,80, 0

0,17.02,53.76,50.37,0,0,0,1058,2,0,80, 0

0,14.59,54.47,45.37,0,0,0,1060,2,0,20, 4

END Horizontal Line

START Vertical Line

0,14.59,54.47,45.37,0,0,0,1065,0,0, 20, 5

0,14.59,54.47,45.37,0,0,0,1071,0,0,20, 1

0,14.59,54.47,45.37,0,0,0,1074,0,0,20, 1

0,14.59,54.47,45.37,0,0,0,1074,0,0,20, 1

0,14.48,54.05,48.33,0,0,0,1079,0,0,20, 1

0,14.31,53.4,51.26,0,0,0,1083,1,0,20, 1

0,14.08,52.55,54.12,0,0,0,1087,1,0,20, 1

0,13.8,51.52,56.93,0,0,0,1091,1,0,20, 1

0,13.49,50.33,59.66,0,0,0,1095,1,0,20, 1

0,13.13,49.01,62.34,0,0,0,1099,1,0,20, 1

0,12.75,47.58,64.94,0,0,0,1103,1,0,20, 1

0,12.34,46.05,67.49,0,0,0,1107,1,0,20, 1

0,11.91,44.44,69.99,0,0,0,1111,1,0,20, 1

0,11.91,44.43,70,0,0,0,1111,1,2,20, 6

END Vertical Line

0,11.91,44.43,70,0,0,0,1111,0,0,200, 2

0,11.91,44.43,76,0,0,0,1111,0,0,200, 2

0,42.53,32.53,76,0,0,0,1111,0,0,200, 2

0,39.87,39.87,45.37,0,0,0,1113,0,0,200, 2

START Vertical Line

0,39.87,39.87,45.37,0,0,0,1118,0,0, 20, 5

0,39.87,39.87,45.37,0,0,0,1124,0,0,20, 1

0,39.87,39.87,45.37,0,0,0,1127,0,0,20, 1

0,39.87,39.87,45.37,0,0,0,1127,0,0,20, 1

0,39.57,39.57,48.33,0,0,0,1132,0,0,20, 1

0,39.09,39.09,51.26,0,0,0,1136,1,0,20, 1

0,38.47,38.47,54.12,0,0,0,1140,1,0,20, 1

0,37.71,37.71,56.93,0,0,0,1144,1,0,20, 1

0,36.85,36.85,59.66,0,0,0,1148,1,0,20, 1

0,35.88,35.88,62.34,0,0,0,1152,1,0,20, 1

0,34.83,34.83,64.94,0,0,0,1156,1,0,20, 1

0,33.71,33.71,67.49,0,0,0,1160,1,0,20, 1

0,32.53,32.53,69.99,0,0,0,1164,1,0,20, 1

0,32.53,32.53,70,0,0,0,1164,1,2,20, 6

END Vertical Line

0,32.53,32.53,70,0,0,0,1164,0,0,200, 2

0,32.53,32.53,76,0,0,0,1164,0,0,200, 2

0,54.43,11.91,76,0,0,0,1164,0,0,200, 2

0,54.47,14.59,45.37,0,0,0,1166,0,0,200, 2

START Vertical Line

0,54.47,14.59,45.37,0,0,0,1171,0,0, 20, 5

0,54.47,14.59,45.37,0,0,0,1177,0,0,20, 1

0,54.47,14.59,45.37,0,0,0,1180,0,0,20, 1

0,54.47,14.59,45.37,0,0,0,1180,0,0,20, 1

0,54.05,14.48,48.33,0,0,0,1185,0,0,20, 1

0,53.4,14.31,51.26,0,0,0,1189,1,0,20, 1

0,52.55,14.08,54.12,0,0,0,1193,1,0,20, 1

0,51.52,13.8,56.93,0,0,0,1197,1,0,20, 1

0,50.33,13.49,59.66,0,0,0,1201,1,0,20, 1

0,49.01,13.13,62.34,0,0,0,1205,1,0,20, 1

0,47.58,12.75,64.94,0,0,0,1209,1,0,20, 1

0,46.05,12.34,67.49,0,0,0,1213,1,0,20, 1

0,44.44,11.91,69.99,0,0,0,1217,1,0,20, 1

0,44.43,11.91,70,0,0,0,1217,1,2,20, 6

END Vertical Line

0,44.43,11.91,70,0,0,0,1217,0,0,200, 2

0,44.43,11.91,76,0,0,0,1217,0,0,200, 2

0,54.43,-11.91,76,0,0,0,1217,0,0,200, 2

0,54.47,-14.59,45.37,0,0,0,1219,0,0,200, 2

START Vertical Line

0,54.47,-14.59,45.37,0,0,0,1224,0,0, 20, 5

0,54.47,-14.59,45.37,0,0,0,1230,0,0,20, 1

0,54.47,-14.59,45.37,0,0,0,1233,0,0,20, 1

0,54.47,-14.59,45.37,0,0,0,1233,0,0,20, 1

0,54.05,-14.48,48.33,0,0,0,1238,0,0,20, 1

0,53.4,-14.31,51.26,0,0,0,1242,1,0,20, 1

0,52.55,-14.08,54.12,0,0,0,1246,1,0,20, 1

0,51.52,-13.8,56.93,0,0,0,1250,1,0,20, 1

0,50.33,-13.49,59.66,0,0,0,1254,1,0,20, 1

0,49.01,-13.13,62.34,0,0,0,1258,1,0,20, 1

0,47.58,-12.75,64.94,0,0,0,1262,1,0,20, 1

0,46.05,-12.34,67.49,0,0,0,1266,1,0,20, 1

0,44.44,-11.91,69.99,0,0,0,1270,1,0,20, 1

0,44.43,-11.91,70,0,0,0,1270,1,2,20, 6

END Vertical Line

0,44.43,-11.91,70,0,0,0,1270,0,0,200, 2

0,44.43,-11.91,76,0,0,0,1270,0,0,200, 2

0,42.53,-32.53,76,0,0,0,1270,0,0,200, 2

0,39.87,-39.87,45.37,0,0,0,1272,0,0,200, 2

START Vertical Line

0,39.87,-39.87,45.37,0,0,0,1277,0,0, 20, 5

0,39.87,-39.87,45.37,0,0,0,1283,0,0,20, 1

0,39.87,-39.87,45.37,0,0,0,1286,0,0,20, 1

0,39.87,-39.87,45.37,0,0,0,1286,0,0,20, 1

0,39.57,-39.57,48.33,0,0,0,1291,0,0,20, 1

0,39.09,-39.09,51.26,0,0,0,1295,1,0,20, 1

0,38.47,-38.47,54.12,0,0,0,1299,1,0,20, 1

0,37.71,-37.71,56.93,0,0,0,1303,1,0,20, 1

0,36.85,-36.85,59.66,0,0,0,1307,1,0,20, 1

0,35.88,-35.88,62.34,0,0,0,1311,1,0,20, 1

0,34.83,-34.83,64.94,0,0,0,1315,1,0,20, 1

0,33.71,-33.71,67.49,0,0,0,1319,1,0,20, 1

0,32.53,-32.53,69.99,0,0,0,1323,1,0,20, 1

0,32.53,-32.53,70,0,0,0,1323,1,2,20, 6

END Vertical Line

0,32.53,-32.53,70,0,0,0,1323,0,0,200, 2

0,32.53,-32.53,76,0,0,0,1323,0,0,200, 2

0,21.91,-44.43,76,0,0,0,1323,0,0,200, 2

0,14.59,-54.47,45.37,0,0,0,1325,0,0,200, 2

START Vertical Line

0,14.59,-54.47,45.37,0,0,0,1330,0,0, 20, 5

0,14.59,-54.47,45.37,0,0,0,1336,0,0,20, 1

0,14.59,-54.47,45.37,0,0,0,1339,0,0,20, 1

0,14.59,-54.47,45.37,0,0,0,1339,0,0,20, 1

0,14.48,-54.05,48.33,0,0,0,1344,0,0,20, 1

0,14.31,-53.4,51.26,0,0,0,1348,1,0,20, 1

0,14.08,-52.55,54.12,0,0,0,1352,1,0,20, 1

0,13.8,-51.52,56.93,0,0,0,1356,1,0,20, 1

0,13.49,-50.33,59.66,0,0,0,1360,1,0,20, 1

0,13.13,-49.01,62.34,0,0,0,1364,1,0,20, 1

0,12.75,-47.58,64.94,0,0,0,1368,1,0,20, 1

0,12.34,-46.05,67.49,0,0,0,1372,1,0,20, 1

0,11.91,-44.44,69.99,0,0,0,1376,1,0,20, 1

0,11.91,-44.43,70,0,0,0,1376,1,2,20, 6

END Vertical Line

0,11.91,-44.43,73,0,0,0,1381,2,0, 50, 10

0,11.91,-44.43,70,0,0,0,1384,2,0, 50, 10

0,11.91,-44.43,70,0,0,0,1386,2,0,80, 0

0,14.78,-43.56,70.62,0,0,0,1388,2,0, 50, 10

0,17.58,-42.51,71.25,0,0,0,1390,2,0, 50, 10

0,20.32,-41.27,71.87,0,0,0,1392,2,0, 50, 10

0,22.96,-39.86,72.5,0,0,0,1394,2,0, 50, 10

0,25.51,-38.28,73.12,0,0,0,1396,2,0, 50, 10

