START Horizontal Line



0,21.92,21.92,0,0,0,0,1,107,0,1,20, 4

END Horizontal Line

START Horizontal Line



0,8.02,29.94,0,0,0,0,1,130,0,1,20, 4

END Horizontal Line

START Vertical Line




0,12.72,47.47,19.92,0,0,0,1,181,1,2, 20, 6

END Vertical Line



0,12.72,47.47,76,0,0,0,1,181,0,0,20, 2

0,44.75,34.75,76,0,0,0,1,181,0,0,20, 2


0,12.72,-47.47,22.92,0,0,0,1,451,2,0, 50, 10

0,34.75,-34.75,19.92,0,0,0,1,474,2,0, 50, 10

0,12.72,47.47,19.92,0,0,0,1,181,1,2, 20, 6


START Vertical Line

0,21.92,21.92,0,0,0,0,1,188,0,1, 20, 5
